no,id,listingType,type,parentType,price,currency,basePrice,baseCurrency,roomCount,livingRoomCount,roomSlug,size,cityId,cityName,countyId,countyName,districtId,districtName
585000,2199873,Sale,Daire,Konut,365000,TRY,365000,TRY,2,1,2 + 1,101,1,İstanbul,843,Şişli,854,Bozkurt
585001,555014,Sale,Konut İmarlı,Arsa,1000000,TRY,1000000,TRY,,,,10433,6253,Kocaeli,6661,Karamürsel,6703,Yalakdere
585002,1780310,Sale,Daire,Konut,245000,TRY,245000,TRY,4,1,4 + 1,200,1012,Ankara,2482,Yenimahalle,2515,Karşıyaka
585003,1694962,Sale,Daire,Konut,149000,TRY,149000,TRY,1,1,1 + 1,38,3960,Antalya,4065,Alanya,4145,Avsallar
585004,1810656,Sale,Daire,Konut,145000,TRY,145000,TRY,1,1,1 + 1,60,14264,Çanakkale,14532,Çanakkale Merkez,70797,Barbaros
585005,639562,Sale,Rezidans,Konut,4313000,TRY,4313000,TRY,2,1,2 + 1,128,1,İstanbul,156,Beşiktaş,161,Ortaköy
585006,2269233,Rent,Daire,Konut,1000,TRY,1000,TRY,3,1,3 + 1,128,1012,Ankara,1565,Etimesgut,1588,Şeyh Şamil
585007,1910429,Sale,Daire,Konut,225000,TRY,225000,TRY,4,1,4 + 1,192,1012,Ankara,1565,Etimesgut,1589,Yapracık
585008,2254518,Rent,Daire,Konut,900,TRY,900,TRY,2,1,2 + 1,110,1,İstanbul,49,Ataşehir,69747,Ferhatpaşa
585009,797045,Sale,Daire,Konut,1750000,TRY,1750000,TRY,4,1,4 + 1,185,1,İstanbul,537,Kadıköy,549,Caddebostan
585010,2137768,Sale,Daire,Konut,155000,TRY,155000,TRY,2,1,2 + 1,100,29689,Manisa,30838,Yunusemre,30880,Muradiye
585011,1687616,Sale,Daire,Konut,159000,TRY,159000,TRY,1,1,1 + 1,55,1,İstanbul,355,Çekmeköy,361,Aydınlar
585012,2255868,Sale,Daire,Konut,128000,TRY,128000,TRY,3,1,3 + 1,120,1012,Ankara,1912,Keçiören,1924,Tepebaşı
585013,1755034,Sale,Daire,Konut,365000,TRY,365000,TRY,3,1,3 + 1,205,20173,Gaziantep,20627,Şahinbey,20742,Akkent
585014,2056511,Sale,Daire,Konut,185000,TRY,185000,TRY,3,1,3 + 1,150,1,İstanbul,67,Avcılar,75,Merkez
585015,1499450,Sale,Daire,Konut,179000,TRY,179000,TRY,3,1,3 + 1,170,3960,Antalya,4574,Kepez,4611,Şafak
585016,1970262,Rent,Daire,Konut,1900,TRY,1900,TRY,3,1,3 + 1,160,2554,İzmir,2860,Bornova,2867,Yeşilova
585017,1919652,Rent,Daire,Konut,13750,TRY,13750,TRY,3,1,3 + 1,155,6826,Adana,7452,Seyhan,7540,Pınar
585018,607260,Sale,Daire,Konut,400000,TRY,400000,TRY,3,1,3 + 1,145,3960,Antalya,4641,Konyaaltı,4648,Molla Yusuf
585019,1145792,Sale,Daire,Konut,177000,TRY,177000,TRY,2,1,2 + 1,110,5092,Bursa,5138,Gemlik,5150,Hisar
585020,530829,Sale,Daire,Konut,220000,TRY,220000,TRY,5,2,5 + 2,210,1,İstanbul,394,Esenyurt,54738,Piri Reis
585021,1540504,Rent,Daire,Konut,850,TRY,850,TRY,2,1,2 + 1,100,36701,Samsun,36803,Atakum,36819,Esenevler
585022,2068966,Sale,Daire,Konut,465000,TRY,465000,TRY,3,1,3 + 1,155,3960,Antalya,4641,Konyaaltı,4647,Liman
585023,2213059,Rent,Daire,Konut,1000,TRY,1000,TRY,3,1,3 + 1,160,6826,Adana,7452,Seyhan,7540,Pınar
585024,2253000,Sale,Daire,Konut,169750,TRY,169750,TRY,3,1,3 + 1,180,1012,Ankara,1912,Keçiören,1939,Kafkas
585025,2183322,Sale,Daire,Konut,285000,TRY,285000,TRY,2,1,2 + 1,100,10423,Aydın,10831,Kuşadası,10850,Ege
585026,1672717,Sale,Daire,Konut,166000,TRY,166000,TRY,3,1,3 + 1,140,18260,Erzurum,18336,Aziziye,18414,Saltuklu
585027,1194876,Sale,Daire,Konut,350000,TRY,350000,TRY,4,1,4 + 1,175,6253,Kocaeli,6661,Karamürsel,6690,4 Temmuz
585028,2306542,Sale,Daire,Konut,1300000,TRY,1300000,TRY,3,1,3 + 1,125,1,İstanbul,156,Beşiktaş,179,Nisbetiye
585029,1862682,Sale,Daire,Konut,240000,TRY,240000,TRY,2,1,2 + 1,115,1,İstanbul,229,Beylikdüzü,232,Cumhuriyet
585030,1730264,Sale,Daire,Konut,450000,TRY,450000,TRY,3,1,3 + 1,115,10423,Aydın,10831,Kuşadası,10833,İkiçeşmelik
585031,1926186,Sale,Daire,Konut,95000,TRY,95000,TRY,3,1,3 + 1,110,41649,Trabzon,41650,Akçaabat,41711,Çolaklı
585032,1824508,Sale,Daire,Konut,270000,TRY,270000,TRY,3,1,3 + 1,130,19584,Eskişehir,20081,Tepebaşı,20132,Şirintepe
585033,2216169,Sale,Daire,Konut,310000,TRY,310000,TRY,4,1,4 + 1,230,31676,Mersin,32601,Yenişehir,32610,Menteş
585034,1537280,Sale,Müstakil Ev,Konut,135000,TRY,135000,TRY,2,1,2 + 1,90,40596,Tekirdağ,40880,Şarköy,40899,Tepeköy
585035,1914097,Rent,Daire,Konut,1350,TRY,1350,TRY,2,1,2 + 1,105,1,İstanbul,355,Çekmeköy,357,Taşdelen
585036,1795852,Sale,Konut İmarlı,Arsa,200000,TRY,200000,TRY,,,,750,32637,Muğla,32956,Milas,33083,Meşelik
585037,1453775,Sale,Daire,Konut,214000,TRY,214000,TRY,2,1,2 + 1,85,1,İstanbul,525,Güngören,533,Mareşal Çakmak
585038,2046381,Rent,Cafe / Restoran / Bar,İşyeri,35000,TRY,35000,TRY,,,,320,1,İstanbul,537,Kadıköy,544,Koşuyolu
585039,2305364,Sale,Daire,Konut,235000,TRY,235000,TRY,3,1,3 + 1,160,42886,Van,43489,İpekyolu,43495,Halilağa
585040,2266570,Rent,Daire,Konut,1100,TRY,1100,TRY,3,1,3 + 1,125,35966,Sakarya,36626,Serdivan,36640,Vatan
585041,722288,Sale,Müstakil Ev,Konut,995000,TRY,995000,TRY,4,1,4 + 1,200,32637,Muğla,32638,Bodrum,32685,Gündoğan
585042,1795780,Rent,Daire,Konut,3750,TRY,3750,TRY,2,1,2 + 1,101,1,İstanbul,66134,Eyüpsultan,66199,Göktürk Merkez
585043,2215628,Sale,Daire,Konut,410000,TRY,410000,TRY,3,1,3 + 1,145,2554,İzmir,3480,Menderes,3486,Cüneytbey
585044,2272358,Sale,Daire,Konut,255000,TRY,255000,TRY,3,1,3 + 1,130,19584,Eskişehir,20081,Tepebaşı,20133,Zafer
585045,1527825,Sale,Daire,Konut,394000,TRY,394000,TRY,3,2,3 + 2,240,1,İstanbul,229,Beylikdüzü,236,Adnan Kahveci
585046,2267354,Rent,Daire,Konut,2400,TRY,2400,TRY,2,1,2 + 1,130,1,İstanbul,580,Kartal,594,Kordonboyu
585047,1089464,Sale,Daire,Konut,365000,TRY,365000,TRY,3,1,3 + 1,135,1,İstanbul,229,Beylikdüzü,238,Marmara
585048,2026148,Rent,Daire,Konut,900,TRY,900,TRY,3,1,3 + 1,150,6253,Kocaeli,6320,Derince,6323,Çınarlı
585049,2268466,Rent,Rezidans,Konut,16500,TRY,16500,TRY,2,1,2 + 1,190,1,İstanbul,843,Şişli,855,Cumhuriyet
585050,1730679,Sale,Daire,İşyeri,775000,TRY,775000,TRY,3,1,3 + 1,1220,2554,İzmir,3366,Konak,3371,Mimar Sinan
585051,1766570,Sale,Daire,Konut,250000,TRY,250000,TRY,2,1,2 + 1,115,5092,Bursa,5969,Osmangazi,5981,Demirtaş Dumlupınar
585052,1405442,Sale,Daire,Konut,1000000,TRY,1000000,TRY,4,1,4 + 1,164,2554,İzmir,3183,Karşıyaka,3185,Aksoy
585053,854720,Sale,Daire,Konut,325000,TRY,325000,TRY,3,1,3 + 1,150,3960,Antalya,4065,Alanya,4124,Hacet
585054,2233462,Rent,Daire,Konut,900,TRY,900,TRY,3,1,3 + 1,130,1,İstanbul,67,Avcılar,68,Ambarlı
585055,1427644,Sale,Daire,Konut,405000,TRY,405000,TRY,3,1,3 + 1,165,1,İstanbul,903,Tuzla,907,İstasyon
585056,1530928,Sale,Daire,Konut,380000,TRY,380000,TRY,3,1,3 + 1,140,2554,İzmir,3102,Karabağlar,3104,Basın Sitesi
585057,1625490,Sale,Daire,Konut,155000,TRY,155000,TRY,2,1,2 + 1,80,5092,Bursa,5583,Mudanya,5597,Ömerbey
585058,2150811,Sale,Daire,Konut,120000,TRY,120000,TRY,3,1,3 + 1,130,36701,Samsun,37367,İlkadım,37397,Cedit
585059,1994393,Sale,Villa,Konut,600000,TRY,600000,TRY,5,2,5 + 2,240,35966,Sakarya,36626,Serdivan,36636,Kemalpaşa
585060,2112549,Sale,Daire,Konut,165000,TRY,165000,TRY,3,1,3 + 1,120,26025,Kırıkkale,26116,Kırıkkale Merkez,70763,Yenimahalle
585061,1324096,Rent,Daire,Konut,1100,TRY,1100,TRY,1,1,1 + 1,82,2554,İzmir,2860,Bornova,2887,Tuna
585062,1096599,Sale,Daire,Konut,410000,TRY,410000,TRY,2,1,2 + 1,90,1,İstanbul,644,Pendik,667,Harmandere
585063,1827026,Sale,Daire,Konut,152000,TRY,152000,TRY,1,1,1 + 1,55,36701,Samsun,36803,Atakum,36819,Esenevler
585064,1823267,Sale,Daire,Konut,97000,TRY,97000,TRY,1,1,1 + 1,55,35966,Sakarya,36419,Karasu,36424,Yalı
585065,2024389,Sale,Daire,Konut,260000,TRY,260000,TRY,4,1,4 + 1,200,28777,Malatya,28986,Battalgazi,29064,Çöşnük
585066,2132450,Sale,Daire,Konut,235000,TRY,235000,TRY,2,1,2 + 1,95,1,İstanbul,355,Çekmeköy,358,Alemdağ
585067,729814,Sale,Daire,Konut,560000,TRY,560000,TRY,3,1,3 + 1,130,1,İstanbul,525,Güngören,529,Tozkoparan
585068,1439274,Sale,Daire,Konut,310000,TRY,310000,TRY,2,1,2 + 1,85,1,İstanbul,926,Ümraniye,930,Tepeüstü
585069,1886413,Sale,Çok Amaçlı,Arsa,45000,TRY,45000,TRY,,,,720,35966,Sakarya,36472,Kaynarca,36518,Yeniçam
585070,1773725,Sale,Daire,Konut,240000,TRY,240000,TRY,3,1,3 + 1,135,10423,Aydın,11113,Efeler,11128,Kemer
585071,1878026,Rent,Daire,Konut,1300,TRY,1300,TRY,2,1,2 + 1,80,3960,Antalya,4641,Konyaaltı,4647,Liman
585072,1602613,Sale,Daire,Konut,197000,TRY,197000,TRY,3,1,3 + 1,145,40596,Tekirdağ,40950,Süleymanpaşa,40952,Eskicami-Ortacami
585073,2131444,Rent,Villa,Konut,3000,TRY,3000,TRY,3,1,3 + 1,150,32637,Muğla,32638,Bodrum,32640,Yokuşbaşı
585074,2247921,Rent,Daire,Konut,1350,TRY,1350,TRY,4,1,4 + 1,210,33740,Nevşehir,33904,Nevşehir Merkez,70526,Emek
585075,653614,Sale,Daire,Konut,325000,TRY,325000,TRY,5,1,5 + 1,250,5092,Bursa,6182,Yıldırım,6185,Bağlaraltı
585076,2144692,Rent,Daire,Konut,1600,TRY,1600,TRY,1,1,1 + 1,65,1,İstanbul,560,Kağıthane,574,Şirintepe
585077,1790064,Sale,Daire,Konut,185000,TRY,185000,TRY,3,1,3 + 1,130,1012,Ankara,1041,Altındağ,1054,Battalgazi
585078,2024445,Sale,Daire,Konut,200000,TRY,200000,TRY,3,1,3 + 1,140,36701,Samsun,37367,İlkadım,37371,Derebahçe
585079,2227960,Sale,Dükkan / Mağaza,İşyeri,1000000,TRY,1000000,TRY,,,,500,15241,Denizli,15957,Merkezefendi,15966,Gerzele
585080,550187,Sale,Villa,Konut,400000,TRY,400000,TRY,3,2,3 + 2,250,10423,Aydın,10831,Kuşadası,10853,Davutlar
585081,1919084,Rent,Daire,Konut,1250,TRY,1250,TRY,2,1,2 + 1,90,2554,İzmir,3088,Güzelbahçe,3097,Yelki
585082,2246405,Sale,Daire,Konut,370000,TRY,370000,TRY,3,1,3 + 1,175,20173,Gaziantep,20817,Şehitkamil,20856,Fatih
585083,699989,Sale,Konut İmarlı,Arsa,225000,TRY,225000,TRY,,,,256,2554,İzmir,3019,Dikili,3028,Çandarlı
585084,1579305,Sale,Daire,Konut,270000,TRY,270000,TRY,2,1,2 + 1,100,10423,Aydın,10576,Didim,10587,Yeni
585085,1906744,Sale,Daire,Konut,195000,TRY,195000,TRY,3,1,3 + 1,140,1,İstanbul,229,Beylikdüzü,235,Yakuplu
585086,2015903,Rent,Daire,Konut,1100,TRY,1100,TRY,1,1,1 + 1,80,1,İstanbul,377,Esenler,388,Namık Kemal
585087,1698612,Sale,Daire,Konut,185000,TRY,185000,TRY,3,1,3 + 1,135,1012,Ankara,1912,Keçiören,1927,Yayla
585088,1506479,Rent,Villa,Konut,7000,TRY,7000,TRY,8,2,8 + 2,550,1012,Ankara,2482,Yenimahalle,2533,Yeni Batı
585089,1285864,Sale,Daire,Konut,375000,TRY,375000,TRY,3,1,3 + 1,115,1,İstanbul,887,Sultangazi,897,Uğur Mumcu
585090,1211989,Rent,Rezidans,Konut,2300,TRY,2300,TRY,1,1,1 + 1,63,1,İstanbul,101,Bahçelievler,74749,Yenibosna Merkez
585091,1927041,Rent,Ofis,İşyeri,1100,TRY,1100,TRY,1,1,1 + 1,58,17102,Düzce,17250,Düzce Merkez,72921,Şerefiye
585092,1109556,Sale,Daire,Konut,805000,TRY,805000,TRY,3,1,3 + 1,110,1,İstanbul,537,Kadıköy,557,19 Mayıs
585093,2055791,Sale,Daire,Konut,240000,TRY,240000,TRY,2,1,2 + 1,90,5092,Bursa,5776,Nilüfer,5803,Fethiye
585094,1608851,Rent,Daire,Konut,3800,TRY,3800,TRY,4,1,4 + 1,200,2554,İzmir,3183,Karşıyaka,3184,Mavişehir
585095,1663836,Sale,Tarla,Arsa,145000,TRY,145000,TRY,,,,1500,24690,Kastamonu,24853,Kastamonu Merkez,68838,Ömerli Köyü
585096,2048469,Sale,Daire,Konut,620000,TRY,620000,TRY,2,1,2 + 1,80,1,İstanbul,537,Kadıköy,553,Feneryolu
585097,1826519,Rent,Daire,Konut,1050,TRY,1050,TRY,3,1,3 + 1,120,1,İstanbul,682,Sancaktepe,698,Safa
585098,1995571,Sale,Daire,Konut,750000,TRY,750000,TRY,3,1,3 + 1,135,1,İstanbul,537,Kadıköy,539,Erenköy
585099,1939700,Sale,Daire,Konut,222000,TRY,222000,TRY,2,1,2 + 1,95,2554,İzmir,3480,Menderes,3486,Cüneytbey
585100,2079086,Sale,Çiftlik,Arsa,85000000,TRY,85000000,TRY,,,,175000,35966,Sakarya,36626,Serdivan,36642,Beşevler
585101,1179832,Sale,Daire,Konut,590000,TRY,590000,TRY,2,1,2 + 1,85,1,İstanbul,101,Bahçelievler,104,Bahçelievler
585102,2292323,Rent,Daire,Konut,900,TRY,900,TRY,3,1,3 + 1,165,6253,Kocaeli,6403,Gölcük,6418,Şehitler
585103,1520010,Rent,Daire,Konut,1800,TRY,1800,TRY,3,1,3 + 1,200,1,İstanbul,229,Beylikdüzü,236,Adnan Kahveci
585104,2129980,Sale,Daire,Konut,499999,TRY,499999,TRY,3,1,3 + 1,156,1,İstanbul,903,Tuzla,904,Aydınlı
585105,2162913,Sale,Daire,Konut,300000,TRY,300000,TRY,4,1,4 + 1,160,5092,Bursa,5969,Osmangazi,6021,Yunuseli
585106,2181272,Sale,Daire,Konut,315000,TRY,315000,TRY,3,1,3 + 1,180,25014,Kayseri,25366,Melikgazi,25398,Esenyurt
585107,1989408,Rent,Daire,Konut,900,TRY,900,TRY,1,1,1 + 1,71,1012,Ankara,1322,Çankaya,1323,Alacaatlı
585108,1271627,Sale,Daire,Konut,145000,TRY,145000,TRY,3,1,3 + 1,135,35966,Sakarya,35967,Adapazarı,35999,Tepekum
585109,1840142,Sale,Daire,Konut,175000,TRY,175000,TRY,2,1,2 + 1,85,15241,Denizli,15759,Pamukkale,15776,Zeytinköy
585110,1706163,Sale,Daire,Konut,629000,TRY,629000,TRY,4,1,4 + 1,210,6826,Adana,6995,Çukurova,7008,Toros
585111,1938096,Sale,Daire,Konut,225000,TRY,225000,TRY,3,1,3 + 1,150,1,İstanbul,682,Sancaktepe,696,Mevlana
585112,2152779,Sale,Daire,Konut,485000,TRY,485000,TRY,4,2,4 + 2,230,1,İstanbul,887,Sultangazi,75797,Habibler
585113,1831101,Rent,Daire,Konut,750,TRY,750,TRY,1,1,1 + 1,50,2554,İzmir,2907,Buca,2910,Atatürk
585114,1868998,Rent,Daire,Konut,1850,TRY,1850,TRY,2,1,2 + 1,90,1,İstanbul,101,Bahçelievler,108,Siyavuşpaşa
585115,2124808,Sale,Daire,Konut,283000,TRY,283000,TRY,3,1,3 + 1,165,6826,Adana,6995,Çukurova,7008,Toros
585116,1762932,Rent,Daire,Konut,850,TRY,850,TRY,1,1,1 + 1,50,15241,Denizli,15759,Pamukkale,73164,Kınıklı
585117,1732714,Rent,Daire,Konut,1500,TRY,1500,TRY,1,1,1 + 1,60,2554,İzmir,2907,Buca,2908,Adatepe
585118,1931214,Rent,Daire,Konut,1200,TRY,1200,TRY,2,1,2 + 1,75,1,İstanbul,537,Kadıköy,551,Eğitim
585119,2033693,Sale,Müstakil Ev,Konut,275000,TRY,275000,TRY,3,1,3 + 1,143,11210,Balıkesir,11455,Burhaniye,11481,Sübeylidere
585120,1920040,Sale,Tarla,Arsa,35000,TRY,35000,TRY,,,,1990,32637,Muğla,32917,Marmaris,32951,Taşlıca
585121,2295822,Rent,Daire,Konut,2000,TRY,2000,TRY,4,1,4 + 1,220,31676,Mersin,32601,Yenişehir,32612,50. Yıl
585122,1928306,Rent,Müstakil Ev,Konut,700,TRY,700,TRY,3,1,3 + 1,165,6826,Adana,7452,Seyhan,7485,Aydınlar
585123,1779978,Sale,Daire,Konut,115000,TRY,115000,TRY,3,1,3 + 1,125,40596,Tekirdağ,40626,Çorlu,40634,Kemalettin
585124,2085888,Rent,Daire,Konut,1200,TRY,1200,TRY,3,1,3 + 1,130,44190,Zonguldak,44415,Ereğli,44484,Kırmacı
585125,1399680,Sale,Daire,Konut,405000,TRY,405000,TRY,3,1,3 + 1,120,1,İstanbul,580,Kartal,600,Yakacık Yeni
585126,1915824,Sale,Daire,Konut,750000,TRY,750000,TRY,5,2,5 + 2,220,1,İstanbul,625,Maltepe,632,Cevizli
585127,2220181,Sale,Daire,Konut,109000,TRY,109000,TRY,2,1,2 + 1,95,1012,Ankara,1041,Altındağ,1055,Beşikkaya
585128,1786134,Rent,Daire,Konut,1850,TRY,1850,TRY,3,1,3 + 1,125,1,İstanbul,580,Kartal,592,Cumhuriyet
585129,1735425,Sale,Daire,Konut,220000,TRY,220000,TRY,3,1,3 + 1,115,6253,Kocaeli,6294,Çayırova,6296,Atatürk
585130,1885174,Sale,Daire,Konut,129000,TRY,129000,TRY,3,1,3 + 1,110,1012,Ankara,2419,Sincan,2479,Fevzi Çakmak
585131,2089728,Rent,Daire,Konut,1200,TRY,1200,TRY,2,1,2 + 1,109,36701,Samsun,36803,Atakum,36826,Yenimahalle
585132,1910798,Sale,Daire,Konut,107000,TRY,107000,TRY,2,1,2 + 1,88,3960,Antalya,4816,Manavgat,4934,Sarılar
585133,1865899,Sale,Daire,Konut,400000,TRY,400000,TRY,2,1,2 + 1,120,1,İstanbul,287,Büyükçekmece,290,Cumhuriyet
585134,1353051,Sale,Daire,Konut,158000,TRY,158000,TRY,2,1,2 + 1,110,1,İstanbul,394,Esenyurt,410,Saadetdere
585135,1972049,Sale,Daire,Konut,360000,TRY,360000,TRY,3,1,3 + 1,145,29689,Manisa,30838,Yunusemre,30845,Merkez Efendi
585136,2073593,Sale,Müstakil Ev,Konut,420000,TRY,420000,TRY,8,1,8 + 1,156,11210,Balıkesir,11609,Edremit,11619,Soğanyemez
585137,1427747,Sale,Bahçe,Arsa,40000,TRY,40000,TRY,,,,4300,26630,Konya,27935,Selçuklu,27989,Tepekent
585138,1956012,Sale,Daire,Konut,310000,TRY,310000,TRY,3,1,3 + 1,155,29689,Manisa,30762,Şehzadeler,30770,Dinçer
585139,1959813,Rent,Daire,Konut,700,TRY,700,TRY,2,1,2 + 1,95,29689,Manisa,30838,Yunusemre,30880,Muradiye
585140,2112372,Sale,Özel Kullanım,Arsa,135000,TRY,135000,TRY,,,,800,40596,Tekirdağ,40846,Saray,40861,Büyükyoncalı
585141,1749337,Sale,Daire,Konut,575000,TRY,575000,TRY,2,1,2 + 1,125,3960,Antalya,4947,Muratpaşa,4950,Güzeloba
585142,746063,Sale,Daire,Konut,330000,TRY,330000,TRY,2,1,2 + 1,115,1,İstanbul,887,Sultangazi,897,Uğur Mumcu
585143,1321852,Rent,Daire,Konut,24000,TRY,24000,TRY,4,1,4 + 1,225,6826,Adana,6995,Çukurova,7000,Güzelyalı
585144,1321765,Sale,Daire,Konut,295000,TRY,295000,TRY,2,1,2 + 1,135,3960,Antalya,4065,Alanya,4087,Mahmutlar
585145,982839,Sale,Daire,Konut,135000,TRY,135000,TRY,3,1,3 + 1,120,1012,Ankara,1912,Keçiören,1925,Ufuktepe
585146,1041796,Sale,Daire,Konut,258000,TRY,258000,TRY,2,1,2 + 1,100,1,İstanbul,49,Ataşehir,52,İçerenköy
585147,2098802,Sale,Daire,Konut,200000,TRY,200000,TRY,2,1,2 + 1,90,1012,Ankara,1565,Etimesgut,1591,Yeşilova
585148,1881609,Rent,Daire,Konut,4250,TRY,4250,TRY,2,1,2 + 1,180,1,İstanbul,113,Bakırköy,130,Şenlikköy
585149,1909067,Rent,Daire,Konut,1350,TRY,1350,TRY,3,1,3 + 1,120,1,İstanbul,625,Maltepe,634,Fındıklı
585150,2075187,Rent,Daire,Konut,650,TRY,650,TRY,1,1,1 + 1,51,3960,Antalya,4574,Kepez,4606,Kültür
585151,1689935,Rent,Daire,Konut,18000,TRY,18000,TRY,3,1,3 + 1,320,1,İstanbul,843,Şişli,845,Teşvikiye
585152,1333985,Sale,Daire,Konut,255000,TRY,255000,TRY,2,1,2 + 1,95,11210,Balıkesir,11609,Edremit,11640,Akçay
585153,677482,Sale,Dükkan / Mağaza,İşyeri,2050000,TRY,2050000,TRY,,,,800,20173,Gaziantep,20817,Şehitkamil,20931,Sarıgüllük
585154,1919906,Sale,Daire,Konut,605000,TRY,605000,TRY,4,1,4 + 1,250,6826,Adana,6995,Çukurova,7000,Güzelyalı
585155,1959780,Rent,Daire,Konut,650,TRY,650,TRY,2,1,2 + 1,95,5092,Bursa,5969,Osmangazi,6102,Demirtaş Cumhuriyet
585156,428757,Sale,Daire,Konut,260000,TRY,260000,TRY,2,1,2 + 1,90,1,İstanbul,229,Beylikdüzü,236,Adnan Kahveci
585157,1063348,Rent,Daire,Konut,1100,TRY,1100,TRY,3,1,3 + 1,140,40596,Tekirdağ,40626,Çorlu,40627,Muhittin
585158,2019072,Sale,Daire,Konut,150000,TRY,150000,TRY,1,1,1 + 1,65,11210,Balıkesir,11609,Edremit,11640,Akçay
585159,1659359,Sale,Daire,Konut,220000,TRY,220000,TRY,2,1,2 + 1,80,10423,Aydın,10576,Didim,10583,Çamlık
585160,1759570,Sale,Daire,Konut,320000,TRY,320000,TRY,3,1,3 + 1,135,1,İstanbul,394,Esenyurt,403,Cumhuriyet
585161,2084630,Sale,Daire,Konut,230000,TRY,230000,TRY,2,1,2 + 1,130,6253,Kocaeli,6403,Gölcük,6408,Cumhuriyet
585162,1852121,Sale,Daire,Konut,155000,TRY,155000,TRY,1,1,1 + 1,60,14264,Çanakkale,14532,Çanakkale Merkez,70797,Barbaros
585163,1947766,Sale,Villa,Konut,865000,TRY,865000,TRY,4,1,4 + 1,300,10423,Aydın,10576,Didim,10581,Altınkum
585164,1995597,Rent,Dükkan / Mağaza,İşyeri,80000,TRY,80000,TRY,,,,120,25014,Kayseri,25691,Talas,25706,Mevlana
585165,1141554,Sale,Villa,Konut,1000000,TRY,1000000,TRY,3,1,3 + 1,150,11210,Balıkesir,11211,Ayvalık,11216,Sefa Çamlık
585166,1676632,Rent,Daire,Konut,1000,TRY,1000,TRY,3,1,3 + 1,100,8229,Afyonkarahisar,8669,Afyonkarahisar Merkez,70368,Derviş Paşa
585167,1903420,Sale,Dükkan / Mağaza,İşyeri,1040000,TRY,1040000,TRY,,,,115,14264,Çanakkale,14321,Biga,14326,Sakarya
585168,2157734,Sale,Daire,Konut,260000,TRY,260000,TRY,3,1,3 + 1,125,1,İstanbul,394,Esenyurt,47433,Barbaros Hayrettin Paşa
585169,1446468,Sale,Tarla,Arsa,295000,TRY,295000,TRY,,,,550,32637,Muğla,32917,Marmaris,32944,Hisarönü
585170,1906662,Sale,Daire,Konut,440000,TRY,440000,TRY,3,1,3 + 1,125,1,İstanbul,131,Başakşehir,135,Başak
585171,2005525,Sale,Daire,Konut,165000,TRY,165000,TRY,1,1,1 + 1,60,10423,Aydın,11113,Efeler,11126,Güzelhisar
585172,2080810,Rent,Daire,Konut,2250,TRY,2250,TRY,3,1,3 + 1,160,1,İstanbul,580,Kartal,581,Atalar
585173,1952843,Rent,Daire,Konut,700,TRY,700,TRY,2,1,2 + 1,140,6826,Adana,7381,Sarıçam,7394,Gültepe
585174,469726,Sale,Fabrika / İmalathane,İşyeri,5750000,TRY,5750000,TRY,,,,4500,40596,Tekirdağ,40916,Ergene,40934,Velimeşe
585175,1829047,Sale,Daire,Konut,174000,TRY,174000,TRY,2,1,2 + 1,110,1012,Ankara,1322,Çankaya,1368,Şehit Cevdet Özdemir
585176,1076149,Sale,Daire,Konut,109000,TRY,109000,TRY,2,1,2 + 1,105,1,İstanbul,67,Avcılar,72,Mustafa Kemal Paşa
585177,1612782,Sale,Daire,Konut,460000,TRY,460000,TRY,3,1,3 + 1,140,5092,Bursa,5969,Osmangazi,6020,Kükürtlü
585178,1689765,Sale,Daire,Konut,220000,TRY,220000,TRY,4,1,4 + 1,145,1,İstanbul,682,Sancaktepe,697,Osmangazi
585179,1191310,Sale,Daire,Konut,308000,TRY,308000,TRY,3,1,3 + 1,160,41649,Trabzon,41650,Akçaabat,57497,Söğütlü
585180,1410003,Rent,Daire,Konut,2600,TRY,2600,TRY,4,1,4 + 1,150,1,İstanbul,66134,Eyüpsultan,66199,Göktürk Merkez
585181,1112874,Sale,Bahçe,Arsa,120000,TRY,120000,TRY,,,,1600,5092,Bursa,5232,İnegöl,5257,Karagölet
585182,1775907,Rent,Daire,Konut,1200,TRY,1200,TRY,2,1,2 + 1,100,1,İstanbul,537,Kadıköy,551,Eğitim
585183,821565,Rent,Spor Tesisi,İşyeri,195000,TRY,195000,TRY,,,,280,29689,Manisa,30762,Şehzadeler,30781,Yarhasanlar
585184,2111304,Sale,Dükkan / Mağaza,İşyeri,500000,TRY,500000,TRY,,,,95,3960,Antalya,4947,Muratpaşa,4954,Şirinyalı
585185,1958209,Sale,Daire,Konut,245000,TRY,245000,TRY,3,1,3 + 1,175,25014,Kayseri,25366,Melikgazi,25436,Gesi Fatih
585186,2079620,Sale,Daire,Konut,290000,TRY,290000,TRY,2,1,2 + 1,85,10423,Aydın,10831,Kuşadası,10855,Güzelçamlı
585187,1557338,Sale,Daire,Konut,85000,TRY,85000,TRY,3,1,3 + 1,135,25014,Kayseri,25091,Develi,25104,Reşadiye
585188,1084649,Sale,Daire,Konut,150000,TRY,150000,TRY,3,1,3 + 1,125,36701,Samsun,37367,İlkadım,37405,Kadifekale
585189,1932694,Sale,Daire,Konut,210000,TRY,210000,TRY,3,1,3 + 1,95,10423,Aydın,10576,Didim,10585,Hisar
585190,739401,Rent,Rezidans,Konut,2250,TRY,2250,TRY,3,1,3 + 1,110,20173,Gaziantep,20627,Şahinbey,20730,Alleben
585191,2101381,Sale,Daire,Konut,185000,TRY,185000,TRY,2,1,2 + 1,90,2554,İzmir,2660,Bayraklı,2679,R. Şevket İnce
585192,1201671,Sale,Villa,Konut,950000,TRY,950000,TRY,3,1,3 + 1,130,2554,İzmir,2957,Çeşme,2978,Şifne
585193,1793529,Rent,Rezidans,Konut,2000,TRY,2000,TRY,2,1,2 + 1,75,1,İstanbul,560,Kağıthane,571,Harmantepe
585194,1000264,Sale,Villa,Konut,900000,TRY,900000,TRY,3,1,3 + 1,96,32637,Muğla,32638,Bodrum,32684,Gümüşlük
585195,1826634,Sale,Daire,Konut,545000,TRY,545000,TRY,4,1,4 + 1,175,1012,Ankara,1322,Çankaya,2483,Çayyolu
585196,2185256,Sale,Daire,Konut,190000,TRY,190000,TRY,2,1,2 + 1,100,29689,Manisa,30335,Salihli,76299,Mithatpaşa
585197,1462563,Rent,Daire,Konut,1375,TRY,1375,TRY,3,1,3 + 1,160,6826,Adana,7452,Seyhan,7532,Dumlupınar
585198,2153587,Rent,Daire,Konut,750,TRY,750,TRY,3,1,3 + 1,120,1012,Ankara,1912,Keçiören,1914,Atapark
585199,2230248,Sale,Daire,Konut,122000,TRY,122000,TRY,2,1,2 + 1,85,2554,İzmir,3858,Torbalı,3864,Cumhuriyet
585200,1646871,Rent,Daire,Konut,8000,TRY,8000,TRY,3,1,3 + 1,167,1,İstanbul,156,Beşiktaş,181,Akat
585201,594872,Rent,Daire,Konut,900,TRY,900,TRY,1,1,1 + 1,55,29689,Manisa,30838,Yunusemre,30858,Güzelyurt
585202,1734124,Sale,Daire,Konut,199000,TRY,199000,TRY,2,1,2 + 1,120,6826,Adana,7452,Seyhan,7463,2000 Evler
585203,2088327,Rent,Daire,Konut,1300,TRY,1300,TRY,3,1,3 + 1,140,10423,Aydın,10831,Kuşadası,10832,Türkmen
585204,863750,Sale,Daire,Konut,550000,TRY,550000,TRY,4,1,4 + 1,174,1,İstanbul,131,Başakşehir,140,Bahçeşehir 1. Kısım
585205,539620,Sale,Dükkan / Mağaza,İşyeri,460000,TRY,460000,TRY,,,,160,1,İstanbul,377,Esenler,390,Oruçreis
585206,1690136,Sale,Konut + Ticaret,Arsa,250000,TRY,250000,TRY,,,,163,5092,Bursa,5969,Osmangazi,6046,Güneştepe
585207,1120960,Sale,Daire,Konut,85000,TRY,85000,TRY,1,0,1 + 0,40,14264,Çanakkale,14532,Çanakkale Merkez,70797,Barbaros
585208,1497712,Rent,Rezidans,Konut,2000,TRY,2000,TRY,1,0,1 + 0,56,1,İstanbul,703,Sarıyer,704,Maslak
585209,2105088,Sale,Daire,Konut,155000,TRY,155000,TRY,2,1,2 + 1,90,6253,Kocaeli,6357,Gebze,6359,Adem Yavuz
585210,1594924,Sale,Daire,Konut,105000,TRY,105000,TRY,2,1,2 + 1,90,3960,Antalya,4816,Manavgat,4934,Sarılar
585211,1882418,Sale,Daire,Konut,129000,TRY,129000,TRY,3,1,3 + 1,117,1012,Ankara,1565,Etimesgut,66303,Atayurt
585212,1464009,Sale,Daire,Konut,330000,TRY,330000,TRY,3,1,3 + 1,130,44190,Zonguldak,44675,Kozlu,44677,Fatih
585213,1739182,Sale,Dükkan / Mağaza,İşyeri,3100000,TRY,3100000,TRY,,,,350,1,İstanbul,78,Bağcılar,87,Demirkapı
585214,1694348,Rent,Ofis,İşyeri,2100,TRY,2100,TRY,,,,65,2554,İzmir,2660,Bayraklı,2673,Mansuroğlu
585215,1885536,Sale,Villa,Konut,1050000,TRY,1050000,TRY,5,1,5 + 1,200,10423,Aydın,10576,Didim,10581,Altınkum
585216,1833206,Rent,Daire,Konut,2250,TRY,2250,TRY,3,1,3 + 1,130,2554,İzmir,3183,Karşıyaka,3187,Atakent
585217,1990225,Sale,Zeytinlik,Arsa,100000,TRY,100000,TRY,,,,2400,11210,Balıkesir,11609,Edremit,11661,Zeytinli
585218,1400540,Sale,Daire,Konut,725000,TRY,725000,TRY,3,2,3 + 2,240,1,İstanbul,229,Beylikdüzü,236,Adnan Kahveci
585219,2019514,Sale,Daire,Konut,455000,TRY,455000,TRY,2,1,2 + 1,105,1,İstanbul,580,Kartal,595,Petroliş
585220,1406889,Rent,Ofis + Depo,İşyeri,15000,TRY,15000,TRY,,,,1000,6253,Kocaeli,6357,Gebze,6383,Balçık
585221,1595820,Sale,Daire,Konut,247500,TRY,247500,TRY,2,1,2 + 1,93,1,İstanbul,229,Beylikdüzü,234,Kavaklı
585222,1652197,Sale,Daire,Konut,137000,TRY,137000,TRY,2,1,2 + 1,90,1012,Ankara,2419,Sincan,2449,Tandoğan
585223,1072194,Sale,Villa,Konut,775000,TRY,775000,TRY,3,1,3 + 1,135,2554,İzmir,2957,Çeşme,2978,Şifne
585224,1898725,Sale,Daire,Konut,599000,TRY,599000,TRY,2,1,2 + 1,100,1,İstanbul,241,Beyoğlu,246,Halıcıoğlu
585225,2303745,Rent,Dükkan / Mağaza,İşyeri,800,TRY,800,TRY,,,,65,2554,İzmir,2860,Bornova,2861,Atatürk
585226,1764631,Sale,Daire,Konut,205000,TRY,205000,TRY,3,1,3 + 1,170,6826,Adana,6995,Çukurova,7001,Huzurevleri
585227,1453818,Sale,Daire,Konut,129000,TRY,129000,TRY,1,1,1 + 1,45,10423,Aydın,10831,Kuşadası,10840,Hacıfeyzullah
585228,1997553,Sale,Yazlık,Konut,215000,TRY,215000,TRY,4,1,4 + 1,175,40596,Tekirdağ,40810,Marmaraereğlisi,40820,Yeniçiftlik
585229,2039072,Sale,Daire,Konut,260000,TRY,260000,TRY,2,1,2 + 1,85,1,İstanbul,67,Avcılar,74,Firuzköy
585230,2169359,Rent,Daire,Konut,900,TRY,900,TRY,3,1,3 + 1,110,10423,Aydın,10831,Kuşadası,10842,Kadınlar Denizi
585231,1240175,Sale,Dükkan / Mağaza,İşyeri,550000,TRY,550000,TRY,,,,150,15241,Denizli,15759,Pamukkale,15770,İncilipınar
585232,568266,Sale,Daire,Konut,295000,TRY,295000,TRY,2,1,2 + 1,95,2554,İzmir,3183,Karşıyaka,3193,Nergiz
585233,1109811,Sale,Villa,Konut,3443000,TRY,3443000,TRY,3,1,3 + 1,190,32637,Muğla,32638,Bodrum,32702,Yalıkavak
585234,1046218,Sale,Üretim Çiftliği,İşyeri,480000,TRY,480000,TRY,,,,3816,11210,Balıkesir,11304,Bandırma,11344,Edincik
585235,2061655,Sale,Villa,Konut,400000,TRY,400000,TRY,3,1,3 + 1,170,10423,Aydın,10831,Kuşadası,10855,Güzelçamlı
585236,2212250,Sale,Daire,Konut,430000,TRY,430000,TRY,3,1,3 + 1,147,2554,İzmir,3071,Gaziemir,3082,Irmak
585237,1758914,Sale,Daire,Konut,84500,TRY,84500,TRY,1,1,1 + 1,60,35966,Sakarya,36419,Karasu,36424,Yalı
585238,2190772,Rent,Daire,Konut,500,TRY,500,TRY,1,1,1 + 1,60,19584,Eskişehir,20081,Tepebaşı,20132,Şirintepe
585239,1285008,Rent,Villa,Konut,8000,TRY,8000,TRY,3,1,3 + 1,140,2554,İzmir,2957,Çeşme,2963,Ardıç
585240,1800427,Sale,Daire,Konut,270000,TRY,270000,TRY,2,1,2 + 1,103,32637,Muğla,32886,Köyceğiz,32888,Gülpınar
585241,2212314,Sale,Daire,Konut,375000,TRY,375000,TRY,3,1,3 + 1,200,9494,Aksaray,9593,Aksaray Merkez,70653,Küçük Bölcek
585242,2049594,Sale,Ofis,İşyeri,250000,TRY,250000,TRY,,,,70,3960,Antalya,4947,Muratpaşa,4990,Tahılpazarı
585243,1906437,Sale,Prefabrik Ev,Konut,65000,TRY,65000,TRY,2,1,2 + 1,57,17732,Elazığ,17893,Elazığ Merkez,70090,Akçakiraz Bld. (Kültür)
585244,1893882,Sale,Daire,Konut,255000,TRY,255000,TRY,2,1,2 + 1,90,1,İstanbul,8,Arnavutköy,38,Mustafa Kemal Paşa
585245,2160581,Sale,Daire,Konut,187000,TRY,187000,TRY,1,1,1 + 1,85,1,İstanbul,101,Bahçelievler,74397,Kocasinan Merkez
585246,1143768,Sale,Daire,Konut,340000,TRY,340000,TRY,3,1,3 + 1,165,29689,Manisa,30838,Yunusemre,30856,Cumhuriyet
585247,938882,Rent,Daire,Konut,800,TRY,800,TRY,2,1,2 + 1,110,15241,Denizli,15759,Pamukkale,73164,Kınıklı
585248,1639556,Sale,Bahçe,Arsa,140000,TRY,140000,TRY,,,,1476,31676,Mersin,31885,Erdemli,31960,Kargıcak
585249,1985614,Rent,Daire,Konut,1500,TRY,1500,TRY,3,1,3 + 1,150,11210,Balıkesir,11609,Edremit,11640,Akçay
585250,1665664,Rent,Daire,Konut,1200,TRY,1200,TRY,1,1,1 + 1,50,1,İstanbul,156,Beşiktaş,180,Sinanpaşa
585251,2170054,Sale,Daire,Konut,375000,TRY,375000,TRY,3,1,3 + 1,145,11210,Balıkesir,11455,Burhaniye,11460,Bahçelievler
585252,1788711,Rent,Dükkan / Mağaza,İşyeri,5500,TRY,5500,TRY,,,,100,1,İstanbul,156,Beşiktaş,180,Sinanpaşa
585253,1739358,Sale,Daire,Konut,475000,TRY,475000,TRY,4,1,4 + 1,170,32637,Muğla,32746,Fethiye,32766,Taşyaka
585254,1937799,Sale,Daire,Konut,159000,TRY,159000,TRY,3,1,3 + 1,128,33740,Nevşehir,33904,Nevşehir Merkez,70113,Güzelyurt
585255,1519840,Rent,Daire,Konut,2800,TRY,2800,TRY,4,1,4 + 1,196,2554,İzmir,3183,Karşıyaka,3184,Mavişehir
585256,2245302,Rent,Daire,Konut,1700,TRY,1700,TRY,2,1,2 + 1,96,1,İstanbul,926,Ümraniye,934,Atatürk
585257,453749,Sale,Yazlık,Konut,450000,TRY,450000,TRY,3,1,3 + 1,275,10423,Aydın,10831,Kuşadası,10853,Davutlar
585258,1519140,Sale,Daire,Konut,335000,TRY,335000,TRY,3,1,3 + 1,250,10423,Aydın,11001,Söke,11005,Fevzipaşa
585259,2080876,Rent,Daire,Konut,1300,TRY,1300,TRY,3,1,3 + 1,115,1,İstanbul,67,Avcılar,69,Cihangir
585260,2020054,Sale,Daire,Konut,155000,TRY,155000,TRY,3,1,3 + 1,135,11210,Balıkesir,11609,Edremit,11640,Akçay
585261,1936705,Rent,Daire,Konut,1600,TRY,1600,TRY,2,1,2 + 1,110,1,İstanbul,49,Ataşehir,56,Örnek
585262,1331350,Sale,Daire,Konut,430000,TRY,430000,TRY,3,1,3 + 1,120,1,İstanbul,601,Küçükçekmece,605,Cumhuriyet
585263,2153508,Sale,Daire,Konut,900000,TRY,900000,TRY,3,1,3 + 1,175,1,İstanbul,131,Başakşehir,137,Kayabaşı
585264,2076207,Rent,Daire,Konut,1000,TRY,1000,TRY,3,1,3 + 1,260,6826,Adana,7452,Seyhan,7489,Gazipaşa
585265,1880705,Sale,Ofis,İşyeri,900000,TRY,900000,TRY,,,,250,5092,Bursa,5776,Nilüfer,5777,23 Nisan
585266,2128967,Sale,Daire,Konut,530000,TRY,530000,TRY,4,1,4 + 1,200,1012,Ankara,2482,Yenimahalle,2533,Yeni Batı
585267,2124567,Sale,Daire,Konut,139000,TRY,139000,TRY,1,0,1 + 0,35,1012,Ankara,1322,Çankaya,1326,Konutkent
585268,645767,Rent,Daire,Konut,2300,TRY,2300,TRY,3,1,3 + 1,169,1,İstanbul,926,Ümraniye,949,Tatlısu
585269,2096673,Sale,Daire,Konut,200000,TRY,200000,TRY,2,1,2 + 1,80,10423,Aydın,10576,Didim,10579,Efeler
585270,2304152,Sale,Villa,Konut,990000,TRY,990000,TRY,7,1,7 + 1,500,6826,Adana,6995,Çukurova,7002,Karslılar
585271,1559273,Sale,Daire,Konut,110000,TRY,110000,TRY,3,1,3 + 1,110,1012,Ankara,1041,Altındağ,1044,Karapürçek
585272,1428883,Sale,Daire,Konut,260000,TRY,260000,TRY,3,1,3 + 1,175,29689,Manisa,30335,Salihli,30439,Yörük
585273,1867797,Rent,Dükkan / Mağaza,İşyeri,1050,TRY,1050,TRY,,,,27,1,İstanbul,625,Maltepe,633,Feyzullah
585274,2267821,Sale,Daire,Konut,350000,TRY,350000,TRY,2,1,2 + 1,87,1,İstanbul,131,Başakşehir,135,Başak
585275,2285668,Rent,Daire,Konut,1900,TRY,1900,TRY,3,1,3 + 1,180,1,İstanbul,580,Kartal,589,Orta
585276,1420152,Sale,Daire,Konut,270000,TRY,270000,TRY,1,1,1 + 1,80,1,İstanbul,49,Ataşehir,60,Esatpaşa
585277,1624081,Sale,Daire,Konut,460000,TRY,460000,TRY,3,2,3 + 2,140,1,İstanbul,560,Kağıthane,74396,Sultan Selim
585278,1717612,Sale,Daire,Konut,225000,TRY,225000,TRY,1,1,1 + 1,59,1,İstanbul,601,Küçükçekmece,603,Atakent
585279,2208211,Rent,Daire,Konut,1000,TRY,1000,TRY,4,1,4 + 1,160,1012,Ankara,1565,Etimesgut,1572,Süvari
585280,1413567,Sale,Daire,Konut,154000,TRY,154000,TRY,3,1,3 + 1,110,8229,Afyonkarahisar,8669,Afyonkarahisar Merkez,72878,Cumhuriyet
585281,1592902,Rent,Dükkan / Mağaza,İşyeri,800,TRY,800,TRY,,,,95,2554,İzmir,2989,Çiğli,3002,Küçük Çiğli
585282,1109734,Sale,Yazlık,Konut,145000,TRY,145000,TRY,2,1,2 + 1,75,40596,Tekirdağ,40626,Çorlu,40661,Yenice
585283,2242851,Rent,Daire,Konut,750,TRY,750,TRY,3,1,3 + 1,180,25014,Kayseri,25366,Melikgazi,25436,Gesi Fatih
585284,849639,Sale,Daire,Konut,185000,TRY,185000,TRY,3,1,3 + 1,125,1012,Ankara,1912,Keçiören,1949,Osmangazi
585285,1756589,Sale,Daire,Konut,142000,TRY,142000,TRY,3,1,3 + 1,105,1012,Ankara,2326,Pursaklar,2328,Yunus Emre
585286,276105,Sale,Daire,Konut,14375000,TRY,14375000,TRY,3,1,3 + 1,200,1,İstanbul,156,Beşiktaş,168,Bebek
585287,1942749,Sale,Tarla,Arsa,1200000,TRY,1200000,TRY,,,,5327,43620,Yalova,43712,Termal,76060,Akköy Köyü
585288,1609886,Rent,Daire,Konut,700,TRY,700,TRY,3,1,3 + 1,110,1012,Ankara,1912,Keçiören,1923,Şenlik
585289,1419960,Sale,Daire,Konut,158000,TRY,158000,TRY,1,1,1 + 1,50,2554,İzmir,2907,Buca,2908,Adatepe
585290,1173059,Rent,Dükkan / Mağaza,İşyeri,2800,TRY,2800,TRY,,,,90,1,İstanbul,287,Büyükçekmece,288,Atatürk
585291,1383263,Sale,Villa,Konut,330000,TRY,330000,TRY,2,1,2 + 1,75,32637,Muğla,32956,Milas,32992,Boğaziçi
585292,1489233,Rent,Daire,Konut,650,TRY,650,TRY,3,1,3 + 1,130,8229,Afyonkarahisar,8669,Afyonkarahisar Merkez,69704,İstiklal
585293,2159905,Rent,Daire,Konut,800,TRY,800,TRY,2,1,2 + 1,95,1,İstanbul,355,Çekmeköy,363,Cumhuriyet
585294,2209979,Sale,Daire,Konut,90000,TRY,90000,TRY,3,1,3 + 1,168,1,İstanbul,131,Başakşehir,139,Ziya Gökalp
585295,1772010,Sale,Daire,Konut,250000,TRY,250000,TRY,2,1,2 + 1,110,5092,Bursa,5969,Osmangazi,6056,Tahtakale
585296,2279652,Sale,Daire,Konut,145000,TRY,145000,TRY,3,1,3 + 1,125,1012,Ankara,2419,Sincan,2424,Malazgirt
585297,1747358,Sale,Daire,Konut,265000,TRY,265000,TRY,3,1,3 + 1,150,1012,Ankara,2326,Pursaklar,2342,Saray Fatih
585298,1845847,Rent,Daire,Konut,850,TRY,850,TRY,3,1,3 + 1,140,10423,Aydın,10909,Nazilli,10916,Cumhuriyet
585299,1647828,Sale,Daire,Konut,228000,TRY,228000,TRY,3,1,3 + 1,120,6253,Kocaeli,6294,Çayırova,6299,Emek
585300,2232772,Rent,Daire,Konut,600,TRY,600,TRY,1,1,1 + 1,55,2554,İzmir,2907,Buca,2918,Buca Koop.
585301,1514732,Rent,Daire,Konut,1200,TRY,1200,TRY,2,1,2 + 1,100,1,İstanbul,926,Ümraniye,946,Madenler
585302,1934470,Sale,Daire,Konut,165000,TRY,165000,TRY,1,1,1 + 1,50,1,İstanbul,448,Fatih,472,İskenderpaşa
585303,1261666,Sale,Daire,Konut,315000,TRY,315000,TRY,4,2,4 + 2,210,29689,Manisa,30838,Yunusemre,30843,Kuyualan
585304,1549943,Sale,Daire,Konut,204000,TRY,204000,TRY,3,1,3 + 1,148,26630,Konya,27935,Selçuklu,28037,Yazır
585305,2114309,Rent,Dükkan / Mağaza,İşyeri,3800,TRY,3800,TRY,,,,210,18260,Erzurum,19480,Yakutiye,19518,Ömer Nasuhi Bilmen
585306,1638521,Sale,Daire,Konut,150000,TRY,150000,TRY,2,1,2 + 1,110,21797,Hatay,22472,Defne,22487,Çekmece
585307,1689993,Rent,Daire,Konut,7750,TRY,7750,TRY,5,1,5 + 1,378,1,İstanbul,8,Arnavutköy,13,Bolluca
585308,1822152,Sale,Daire,Konut,440000,TRY,440000,TRY,3,1,3 + 1,110,1,İstanbul,926,Ümraniye,943,Esenevler
585309,1125290,Sale,Daire,Konut,290000,TRY,290000,TRY,3,1,3 + 1,170,15241,Denizli,15759,Pamukkale,15779,Atalar
585310,1898075,Sale,Daire,Konut,385000,TRY,385000,TRY,4,1,4 + 1,175,1012,Ankara,2482,Yenimahalle,2535,Yeşilevler
585311,1595223,Rent,Rezidans,Konut,5500,TRY,5500,TRY,2,1,2 + 1,158,1,İstanbul,156,Beşiktaş,162,Gayrettepe
585312,1557246,Rent,Daire,Konut,1800,TRY,1800,TRY,2,1,2 + 1,80,1,İstanbul,537,Kadıköy,555,Rasimpaşa
585313,1677245,Sale,Daire,Konut,280000,TRY,280000,TRY,3,2,3 + 2,170,15241,Denizli,15759,Pamukkale,15786,İstiklal
585314,1664426,Sale,Tarla,Arsa,650000,TRY,650000,TRY,,,,3429,35966,Sakarya,36595,Sapanca,36611,Hacımercan
585315,1890300,Rent,Daire,Konut,1000,TRY,1000,TRY,1,1,1 + 1,55,3960,Antalya,4641,Konyaaltı,4657,Sarısu
585316,1947712,Rent,Daire,Konut,1750,TRY,1750,TRY,2,1,2 + 1,110,3960,Antalya,4641,Konyaaltı,4650,Toros
585317,2254416,Rent,Fabrika / İmalathane,İşyeri,11750,TRY,11750,TRY,,,,1000,2554,İzmir,3071,Gaziemir,3086,Fatih
585318,1946266,Rent,Rezidans,Konut,7500,TRY,7500,TRY,4,1,4 + 1,255,1,İstanbul,703,Sarıyer,704,Maslak
585319,2193093,Sale,Villa,Konut,1150000,TRY,1150000,TRY,5,2,5 + 2,420,1,İstanbul,131,Başakşehir,141,Bahçeşehir 2. Kısım
585320,1665299,Sale,Daire,Konut,399000,TRY,399000,TRY,3,1,3 + 1,150,11210,Balıkesir,11609,Edremit,11640,Akçay
585321,1567663,Sale,Daire,Konut,260000,TRY,260000,TRY,3,1,3 + 1,130,11210,Balıkesir,11609,Edremit,11640,Akçay
585322,1079290,Rent,Müstakil Ev,Konut,2500,TRY,2500,TRY,2,1,2 + 1,110,1,İstanbul,2,Adalar,71628,Maden
585323,2284657,Rent,Rezidans,Konut,3200,TRY,3200,TRY,1,1,1 + 1,95,1,İstanbul,703,Sarıyer,704,Maslak
585324,1647626,Sale,Daire,Konut,380000,TRY,380000,TRY,2,1,2 + 1,90,1,İstanbul,66134,Eyüpsultan,66157,Yeşilpınar
585325,1835927,Sale,Daire,Konut,185000,TRY,185000,TRY,2,1,2 + 1,90,1,İstanbul,229,Beylikdüzü,232,Cumhuriyet
585326,1613659,Sale,Konut İmarlı,Arsa,165000,TRY,165000,TRY,,,,280,6253,Kocaeli,6560,Kandıra,6570,Çalyer
585327,1585401,Sale,Çok Amaçlı,Arsa,300000,TRY,300000,TRY,,,,2425,14264,Çanakkale,14265,Ayvacık,74839,Behram Köyü
585328,1087665,Sale,Daire,Konut,148000,TRY,148000,TRY,2,1,2 + 1,90,6253,Kocaeli,6788,Körfez,6797,Güney
585329,2092698,Sale,Daire,Konut,144000,TRY,144000,TRY,1,1,1 + 1,80,1,İstanbul,394,Esenyurt,45884,Yunus Emre
585330,1307953,Rent,Ofis,İşyeri,1800,TRY,1800,TRY,1,1,1 + 1,89,1,İstanbul,625,Maltepe,632,Cevizli
585331,1878386,Sale,Daire,Konut,320000,TRY,320000,TRY,3,2,3 + 2,140,1,İstanbul,682,Sancaktepe,685,Sarıgazi
585332,1905653,Sale,Daire,Konut,132500,TRY,132500,TRY,2,1,2 + 1,100,1,İstanbul,229,Beylikdüzü,232,Cumhuriyet
585333,1767931,Sale,Daire,Konut,135000,TRY,135000,TRY,3,1,3 + 1,135,13752,Bolu,13823,Bolu Merkez,71994,Karamanlı
585334,1978450,Rent,Daire,Konut,850,TRY,850,TRY,3,1,3 + 1,125,35966,Sakarya,36159,Erenler,36167,Küpçüler
585335,1493830,Sale,Daire,Konut,239000,TRY,239000,TRY,2,1,2 + 1,115,1,İstanbul,394,Esenyurt,404,Güzelyurt
585336,2308125,Sale,Daire,Konut,249000,TRY,249000,TRY,4,1,4 + 1,250,29689,Manisa,29716,Akhisar,29756,Atatürk
585337,1075108,Sale,Daire,Konut,195000,TRY,195000,TRY,3,1,3 + 1,130,19584,Eskişehir,19836,Odunpazarı,19854,Kırmızıtoprak
585338,1583548,Rent,Daire,Konut,600,TRY,600,TRY,3,1,3 + 1,125,10423,Aydın,11113,Efeler,11119,Adnan Menderes
585339,1829084,Rent,Daire,Konut,2300,TRY,2300,TRY,3,1,3 + 1,135,1,İstanbul,537,Kadıköy,539,Erenköy
585340,1876743,Sale,Daire,Konut,425000,TRY,425000,TRY,3,1,3 + 1,140,2554,İzmir,3480,Menderes,3494,Görece Cumhuriyet
585341,1200200,Sale,Daire,Konut,325000,TRY,325000,TRY,3,1,3 + 1,140,40596,Tekirdağ,40626,Çorlu,74439,Şeyh Sinan
585342,1742227,Rent,Daire,Konut,750,TRY,750,TRY,2,1,2 + 1,105,1,İstanbul,682,Sancaktepe,698,Safa
585343,1948162,Sale,Daire,Konut,335000,TRY,335000,TRY,3,1,3 + 1,135,1012,Ankara,1322,Çankaya,1362,Kırkkonaklar
585344,1723557,Rent,Daire,Konut,650,TRY,650,TRY,2,1,2 + 1,85,19584,Eskişehir,20081,Tepebaşı,20132,Şirintepe
585345,2201308,Sale,Daire,Konut,180000,TRY,180000,TRY,2,1,2 + 1,95,10423,Aydın,10576,Didim,10579,Efeler
585346,1031864,Rent,Daire,Konut,750,TRY,750,TRY,3,1,3 + 1,130,14827,Çorum,15038,Çorum Merkez,70358,Bahçelievler
585347,1133537,Sale,Daire,Konut,247000,TRY,247000,TRY,3,1,3 + 1,130,1012,Ankara,1912,Keçiören,1919,İncirli
585348,1884861,Sale,Daire,Konut,195000,TRY,195000,TRY,2,1,2 + 1,120,1,İstanbul,229,Beylikdüzü,232,Cumhuriyet
585349,2209488,Rent,Daire,Konut,870,TRY,870,TRY,2,1,2 + 1,82,1,İstanbul,887,Sultangazi,895,İsmetpaşa
585350,2266137,Sale,Daire,Konut,385000,TRY,385000,TRY,4,1,4 + 1,170,10423,Aydın,10831,Kuşadası,10855,Güzelçamlı
585351,1437299,Sale,Villa,Konut,3335000,TRY,3335000,TRY,5,2,5 + 2,500,1,İstanbul,806,Silivri,821,Hürriyet
585352,2306190,Rent,Daire,Konut,500,TRY,500,TRY,3,1,3 + 1,140,28777,Malatya,28986,Battalgazi,29073,Ferhadiye
585353,2161743,Sale,Komple Bina,Konut,207000,TRY,207000,TRY,3,1,3 + 1,125,19584,Eskişehir,20081,Tepebaşı,20132,Şirintepe
585354,1460165,Rent,Daire,Konut,2250,TRY,2250,TRY,2,1,2 + 1,80,1,İstanbul,560,Kağıthane,562,Çeliktepe
585355,1615574,Sale,Daire,Konut,180000,TRY,180000,TRY,3,1,3 + 1,160,17732,Elazığ,17893,Elazığ Merkez,70254,Ulu Kent
585356,2295926,Sale,Villa,Konut,1500000,TRY,1500000,TRY,8,2,8 + 2,550,1012,Ankara,2482,Yenimahalle,2533,Yeni Batı
585357,1862523,Sale,Daire,Konut,750000,TRY,750000,TRY,2,1,2 + 1,95,1,İstanbul,537,Kadıköy,553,Feneryolu
585358,2171034,Sale,Konut İmarlı,Arsa,740000,TRY,740000,TRY,,,,432,11210,Balıkesir,11609,Edremit,11640,Akçay
585359,2084947,Rent,Daire,Konut,1100,TRY,1100,TRY,2,1,2 + 1,95,1,İstanbul,355,Çekmeköy,363,Cumhuriyet
585360,1898536,Rent,Rezidans,Konut,28500,TRY,28500,TRY,4,1,4 + 1,262,1,İstanbul,156,Beşiktaş,174,Vişnezade
585361,1757300,Sale,Daire,Konut,600000,TRY,600000,TRY,2,1,2 + 1,100,3960,Antalya,4065,Alanya,4200,Tosmur
585362,2062472,Sale,Daire,Konut,349000,TRY,349000,TRY,3,1,3 + 1,130,2554,İzmir,3183,Karşıyaka,3194,Örnekköy
585363,1662219,Rent,Daire,Konut,1200,TRY,1200,TRY,2,1,2 + 1,80,32637,Muğla,32733,Datça,32734,Datça
585364,2086704,Rent,Daire,Konut,1300,TRY,1300,TRY,1,1,1 + 1,70,1,İstanbul,287,Büyükçekmece,312,Mimaroba
585365,1765846,Sale,Daire,Konut,245000,TRY,245000,TRY,2,1,2 + 1,110,14264,Çanakkale,14532,Çanakkale Merkez,70108,İsmetpaşa
585366,1885160,Sale,Daire,Konut,205000,TRY,205000,TRY,2,1,2 + 1,70,1,İstanbul,355,Çekmeköy,372,Merkez
585367,2144535,Sale,Daire,Konut,260000,TRY,260000,TRY,6,1,6 + 1,310,1012,Ankara,1565,Etimesgut,1582,Etiler
585368,1991723,Rent,Daire,Konut,1150,TRY,1150,TRY,2,1,2 + 1,100,1,İstanbul,903,Tuzla,904,Aydınlı
585369,1621524,Sale,Daire,Konut,205000,TRY,205000,TRY,3,1,3 + 1,175,10423,Aydın,10639,İncirliova,10644,İstiklal
585370,2092756,Rent,Daire,Konut,800,TRY,800,TRY,3,1,3 + 1,145,36701,Samsun,36803,Atakum,36826,Yenimahalle
585371,1734761,Sale,Daire,Konut,169000,TRY,169000,TRY,3,1,3 + 1,100,1012,Ankara,1912,Keçiören,1953,Şefkat
585372,1678146,Rent,Daire,Konut,600,TRY,600,TRY,1,1,1 + 1,45,28229,Kütahya,28473,Kütahya Merkez,70502,Alipaşa
585373,1275333,Sale,Konut İmarlı,Arsa,220000,TRY,220000,TRY,,,,100,15241,Denizli,15957,Merkezefendi,15958,Şemikler
585374,1771606,Sale,Daire,Konut,350000,TRY,350000,TRY,3,1,3 + 1,120,6253,Kocaeli,6320,Derince,6324,Dumlupınar
585375,1498616,Rent,Daire,Konut,1300,TRY,1300,TRY,2,1,2 + 1,85,1,İstanbul,625,Maltepe,629,Aydınevler
585376,1910962,Sale,Daire,Konut,205000,TRY,205000,TRY,2,1,2 + 1,85,11210,Balıkesir,11609,Edremit,11640,Akçay
585377,1694515,Sale,Konut İmarlı,Arsa,1350000,TRY,1350000,TRY,,,,2700,7732,Adıyaman,8021,Adıyaman Merkez,72283,Turgut Reis
585378,508185,Rent,Daire,Konut,1800,TRY,1800,TRY,2,1,2 + 1,120,2554,İzmir,3366,Konak,3390,Göztepe
585379,1734862,Sale,Villa,Konut,1100000,TRY,1100000,TRY,4,1,4 + 1,480,10423,Aydın,10831,Kuşadası,10844,Yavansu
585380,1146434,Sale,Komple Bina,Konut,2685000,TRY,2685000,TRY,,,,270,1,İstanbul,448,Fatih,459,Balat
585381,1326825,Sale,Daire,Konut,192000,TRY,192000,TRY,1,1,1 + 1,64,1,İstanbul,394,Esenyurt,413,Yeşilkent
585382,2094587,Sale,Daire,Konut,175000,TRY,175000,TRY,1,1,1 + 1,60,11210,Balıkesir,11211,Ayvalık,47596,Küçükköy
585383,2075607,Sale,Dükkan / Mağaza,İşyeri,1700000,TRY,1700000,TRY,,,,415,3960,Antalya,4947,Muratpaşa,4985,Muratpaşa
585384,1693444,Rent,Dükkan / Mağaza,İşyeri,6000,TRY,6000,TRY,,,,200,1,İstanbul,625,Maltepe,630,Bağlarbaşı
585385,1686378,Sale,Daire,Konut,470000,TRY,470000,TRY,3,1,3 + 1,180,5092,Bursa,5776,Nilüfer,5826,Barış
585386,1953132,Rent,Dükkan / Mağaza,İşyeri,14000,TRY,14000,TRY,,,,400,2554,İzmir,3071,Gaziemir,3072,Atıfbey
585387,1745420,Rent,Daire,Konut,3250,TRY,3250,TRY,3,1,3 + 1,128,1,İstanbul,537,Kadıköy,541,Suadiye
585388,1758952,Rent,Daire,Konut,1500,TRY,1500,TRY,2,1,2 + 1,70,1,İstanbul,113,Bakırköy,122,Zeytinlik
585389,1719818,Sale,Daire,Konut,310000,TRY,310000,TRY,2,1,2 + 1,95,11210,Balıkesir,11609,Edremit,11640,Akçay
585390,1239483,Sale,Daire,Konut,240000,TRY,240000,TRY,2,1,2 + 1,90,10423,Aydın,10576,Didim,10579,Efeler
585391,2190194,Rent,Daire,Konut,1000,TRY,1000,TRY,2,1,2 + 1,105,17436,Edirne,17607,Edirne Merkez,70419,Abdurrahman
585392,1306467,Sale,Daire,Konut,375000,TRY,375000,TRY,3,1,3 + 1,118,2554,İzmir,2860,Bornova,2861,Atatürk
585393,1833581,Sale,Bahçe,Arsa,215000,TRY,215000,TRY,,,,577,8229,Afyonkarahisar,8669,Afyonkarahisar Merkez,71396,Erkmen Bld. (Cumhuriyet)
585394,1577099,Sale,Daire,Konut,750000,TRY,750000,TRY,4,1,4 + 1,230,25014,Kayseri,25366,Melikgazi,25384,Yeni
585395,1915151,Rent,Daire,Konut,1100,TRY,1100,TRY,1,1,1 + 1,70,36701,Samsun,36803,Atakum,36826,Yenimahalle
585396,2240493,Sale,Daire,Konut,260000,TRY,260000,TRY,2,1,2 + 1,110,36701,Samsun,36803,Atakum,36826,Yenimahalle
585397,2119252,Sale,Daire,Konut,209000,TRY,209000,TRY,4,1,4 + 1,180,1012,Ankara,1912,Keçiören,1914,Atapark
585398,1294316,Sale,Konut İmarlı,Arsa,1950000,TRY,1950000,TRY,,,,61000,35966,Sakarya,36403,Karapürçek,36408,Yazılıgürgen
585399,2241761,Sale,Daire,Konut,710000,TRY,710000,TRY,4,1,4 + 1,220,2554,İzmir,3102,Karabağlar,3137,Üçkuyular
585400,1732142,Sale,Müstakil Ev,Konut,3000000,TRY,3000000,TRY,5,2,5 + 2,240,11210,Balıkesir,11211,Ayvalık,11216,Sefa Çamlık
585401,1751034,Rent,Daire,Konut,1400,TRY,1400,TRY,2,1,2 + 1,90,1,İstanbul,101,Bahçelievler,108,Siyavuşpaşa
585402,1433726,Sale,Daire,Konut,1190000,TRY,1190000,TRY,3,1,3 + 1,125,1,İstanbul,156,Beşiktaş,166,Abbasağa
585403,1740918,Sale,Daire,Konut,127000,TRY,127000,TRY,3,1,3 + 1,105,1012,Ankara,2419,Sincan,74484,Mareşal Çakmak
585404,2053418,Sale,Daire,Konut,260000,TRY,260000,TRY,3,1,3 + 1,175,36701,Samsun,36803,Atakum,36818,Cumhuriyet
585405,1718530,Sale,Daire,Konut,195000,TRY,195000,TRY,3,1,3 + 1,135,3960,Antalya,4574,Kepez,4632,Varsak Karşıyaka
585406,2172874,Sale,Müstakil Ev,Konut,185000,TRY,185000,TRY,5,1,5 + 1,184,29689,Manisa,29716,Akhisar,29824,Efendi
585407,1784068,Rent,Daire,Konut,1100,TRY,1100,TRY,1,1,1 + 1,55,3960,Antalya,4574,Kepez,4606,Kültür
585408,2249560,Rent,Daire,Konut,2500,TRY,2500,TRY,2,1,2 + 1,110,1,İstanbul,843,Şişli,846,Mecidiyeköy
585409,780966,Sale,Daire,Konut,1650000,TRY,1650000,TRY,4,1,4 + 1,240,1,İstanbul,156,Beşiktaş,172,Türkali
585410,2230262,Sale,Daire,Konut,525000,TRY,525000,TRY,6,1,6 + 1,280,41649,Trabzon,42456,Ortahisar,42471,Fatih
585411,2092604,Rent,Daire,Konut,1950,TRY,1950,TRY,3,1,3 + 1,240,15241,Denizli,15957,Merkezefendi,15975,Servergazi
585412,1267777,Rent,Daire,Konut,880,TRY,880,TRY,4,1,4 + 1,180,6253,Kocaeli,6305,Darıca,6319,Zincirlikuyu
585413,1737928,Sale,Daire,Konut,178000,TRY,178000,TRY,2,1,2 + 1,130,31676,Mersin,32601,Yenişehir,32602,Akkent
585414,1378825,Sale,Daire,Konut,125000,TRY,125000,TRY,2,1,2 + 1,110,34018,Niğde,34149,Niğde Merkez,70904,Efendibey
585415,1858076,Sale,Daire,Konut,235000,TRY,235000,TRY,2,1,2 + 1,75,1,İstanbul,887,Sultangazi,889,50. Yıl
585416,1829324,Rent,Daire,Konut,1000,TRY,1000,TRY,1,1,1 + 1,50,17436,Edirne,17607,Edirne Merkez,70489,İstasyon
585417,1586405,Sale,Daire,Konut,230000,TRY,230000,TRY,3,1,3 + 1,135,34286,Ordu,35185,Altınordu,35217,Cumhuriyet
585418,1526582,Sale,Daire,Konut,155000,TRY,155000,TRY,3,1,3 + 1,125,18260,Erzurum,19081,Palandöken,19121,Müftü Solakzade
585419,1366035,Sale,Daire,Konut,190000,TRY,190000,TRY,3,1,3 + 1,130,2554,İzmir,3529,Menemen,3536,Cumhuriyet
585420,2303287,Rent,Daire,Konut,700,TRY,700,TRY,3,1,3 + 1,168,41649,Trabzon,42419,Yomra,42441,Kaşüstü
585421,1992679,Sale,Daire,Konut,220000,TRY,220000,TRY,3,1,3 + 1,160,31676,Mersin,32049,Mezitli,32071,Yeni
585422,943700,Sale,Daire,Konut,470000,TRY,470000,TRY,3,1,3 + 1,155,2554,İzmir,2989,Çiğli,74810,Ataşehir
585423,1485446,Sale,Daire,Konut,990000,TRY,990000,TRY,3,1,3 + 1,160,1,İstanbul,78,Bağcılar,91,Göztepe
585424,1825070,Sale,Daire,Konut,390000,TRY,390000,TRY,3,1,3 + 1,180,20173,Gaziantep,20627,Şahinbey,20742,Akkent
585425,960010,Sale,Daire,Konut,190000,TRY,190000,TRY,1,1,1 + 1,65,1,İstanbul,66134,Eyüpsultan,66149,Düğmeciler
585426,1644355,Sale,Daire,Konut,185000,TRY,185000,TRY,3,1,3 + 1,120,1,İstanbul,229,Beylikdüzü,232,Cumhuriyet
585427,1544296,Sale,Daire,Konut,545000,TRY,545000,TRY,5,2,5 + 2,230,1,İstanbul,507,Gaziosmanpaşa,522,Merkez
585428,2078974,Sale,Daire,Konut,150000,TRY,150000,TRY,2,1,2 + 1,100,19584,Eskişehir,20081,Tepebaşı,20132,Şirintepe
585429,1845642,Rent,Daire,Konut,13250,TRY,13250,TRY,3,1,3 + 1,160,6826,Adana,7452,Seyhan,7474,Cemalpaşa
585430,1282874,Sale,Daire,Konut,186000,TRY,186000,TRY,3,1,3 + 1,115,2554,İzmir,2684,Bergama,2819,Maltepe
585431,1055165,Sale,Daire,Konut,475000,TRY,475000,TRY,2,1,2 + 1,105,2554,İzmir,3102,Karabağlar,3103,Bahçelievler
585432,2220733,Sale,Villa,Konut,350000,TRY,350000,TRY,3,1,3 + 1,135,10423,Aydın,10576,Didim,10585,Hisar
585433,1826061,Sale,Konut İmarlı,Arsa,310000,TRY,310000,TRY,,,,861,26630,Konya,27766,Meram,27836,Lalebahçe
585434,2092304,Sale,Ofis + Depo,İşyeri,150000,TRY,150000,TRY,,,,160,36701,Samsun,36803,Atakum,36822,İstiklal
585435,1096216,Sale,Daire,Konut,169000,TRY,169000,TRY,3,1,3 + 1,100,1012,Ankara,2482,Yenimahalle,2502,Ergenekon
585436,669332,Rent,Müstakil Ev,Konut,150000,TRY,150000,TRY,4,1,4 + 1,250,2554,İzmir,2957,Çeşme,2958,Dalyan
585437,1895050,Sale,Daire,Konut,420000,TRY,420000,TRY,3,1,3 + 1,160,15241,Denizli,15759,Pamukkale,15791,Mehmetçik
585438,1886988,Sale,Daire,Konut,210000,TRY,210000,TRY,3,1,3 + 1,130,1012,Ankara,2419,Sincan,2467,Mustafa Kemal
585439,2169966,Rent,Daire,Konut,1450,TRY,1450,TRY,4,1,4 + 1,170,1012,Ankara,1565,Etimesgut,1590,Yavuz Selim
585440,1755297,Sale,Tarla,Arsa,250000,TRY,250000,TRY,,,,500,1,İstanbul,314,Çatalca,342,Kestanelik
585441,1656346,Sale,Daire,Konut,150000,TRY,150000,TRY,3,1,3 + 1,115,1,İstanbul,394,Esenyurt,47433,Barbaros Hayrettin Paşa
585442,1657370,Sale,Daire,Konut,199000,TRY,199000,TRY,3,1,3 + 1,125,1,İstanbul,887,Sultangazi,895,İsmetpaşa
585443,1846042,Sale,Daire,Konut,315000,TRY,315000,TRY,3,1,3 + 1,175,6826,Adana,6995,Çukurova,7011,Yüzüncüyıl
585444,1885967,Sale,Bağ,Arsa,60000,TRY,60000,TRY,,,,600,28777,Malatya,29593,Yeşilyurt,74769,Bahçebaşı
585445,1391517,Sale,Daire,Konut,1950000,TRY,1950000,TRY,5,2,5 + 2,360,2554,İzmir,3088,Güzelbahçe,3089,Yalı
585446,1632220,Sale,Daire,Konut,295000,TRY,295000,TRY,2,1,2 + 1,90,1,İstanbul,377,Esenler,383,Fevzi Çakmak
585447,1707370,Sale,Villa,Konut,2250000,TRY,2250000,TRY,4,1,4 + 1,240,1,İstanbul,66134,Eyüpsultan,66199,Göktürk Merkez
585448,1893979,Sale,Daire,Konut,179000,TRY,179000,TRY,3,1,3 + 1,130,1,İstanbul,394,Esenyurt,409,Namık Kemal
585449,2191245,Sale,Daire,Konut,250000,TRY,250000,TRY,2,1,2 + 1,115,1,İstanbul,394,Esenyurt,407,Mehterçeşme
585450,2042192,Sale,Daire,Konut,99000,TRY,99000,TRY,3,1,3 + 1,130,1,İstanbul,229,Beylikdüzü,73159,Beylikdüzü OSB
585451,1373299,Sale,Dükkan / Mağaza,İşyeri,260000,TRY,260000,TRY,,,,120,41649,Trabzon,41650,Akçaabat,57497,Söğütlü
585452,1498239,Sale,Daire,Konut,195000,TRY,195000,TRY,2,1,2 + 1,96,36701,Samsun,37059,Canik,37110,Kuzey Yıldızı
585453,1787222,Rent,Dükkan / Mağaza,İşyeri,1400,TRY,1400,TRY,,,,100,5092,Bursa,5182,Gürsu,5186,İstiklal
585454,1593263,Sale,Yazlık,Konut,250000,TRY,250000,TRY,2,1,2 + 1,125,31676,Mersin,32204,Silifke,32248,Atakent
585455,1764155,Rent,Daire,Konut,875,TRY,875,TRY,2,1,2 + 1,85,31676,Mersin,32601,Yenişehir,32605,Çiftlikköy
585456,1491233,Rent,Daire,Konut,1500,TRY,1500,TRY,2,1,2 + 1,60,1,İstanbul,843,Şişli,74395,Halide Edip Adıvar
585457,1856930,Rent,Daire,Konut,2500,TRY,2500,TRY,4,1,4 + 1,240,31676,Mersin,32601,Yenişehir,32621,Güvenevler
585458,780112,Sale,Daire,Konut,160000,TRY,160000,TRY,4,1,4 + 1,115,2554,İzmir,2660,Bayraklı,2671,Fuat Edip Baksı
585459,1648032,Rent,Daire,Konut,1000,TRY,1000,TRY,3,1,3 + 1,120,8229,Afyonkarahisar,8669,Afyonkarahisar Merkez,70270,Zafer
585460,2038763,Sale,Daire,Konut,175000,TRY,175000,TRY,2,1,2 + 1,100,1,İstanbul,394,Esenyurt,404,Güzelyurt
585461,1975205,Sale,Daire,Konut,150000,TRY,150000,TRY,3,1,3 + 1,145,1012,Ankara,2228,Polatlı,2229,Cumhuriyet
585462,2105081,Rent,Ev Ofis,İşyeri,1000,TRY,1000,TRY,,,,150,15241,Denizli,15957,Merkezefendi,15976,Sırakapılar
585463,2102513,Sale,Daire,Konut,170000,TRY,170000,TRY,2,1,2 + 1,85,3960,Antalya,4947,Muratpaşa,4979,Kızılarık
585464,2000292,Rent,Müstakil Ev,Konut,350,TRY,350,TRY,2,1,2 + 1,100,17436,Edirne,17667,Uzunköprü,17675,Mescit
585465,1825129,Sale,Daire,Konut,362000,TRY,362000,TRY,2,1,2 + 1,148,6253,Kocaeli,6254,Başiskele,6281,Yeniköy Merkez
585466,1528409,Rent,Daire,Konut,500,TRY,500,TRY,1,1,1 + 1,60,14264,Çanakkale,14532,Çanakkale Merkez,71402,Kepez Bld. (Hamidiye)
585467,2242000,Sale,Daire,Konut,135000,TRY,135000,TRY,2,1,2 + 1,120,16017,Diyarbakır,16674,Kayapınar,16682,Talaytepe
585468,1031572,Sale,Daire,Konut,175000,TRY,175000,TRY,3,1,3 + 1,177,19584,Eskişehir,20081,Tepebaşı,20153,Çamlıca
585469,1678166,Sale,Komple Bina,Konut,3500000,TRY,3500000,TRY,,,,69,1,İstanbul,241,Beyoğlu,244,Cihangir
585470,1607013,Sale,Daire,Konut,180000,TRY,180000,TRY,2,1,2 + 1,90,6253,Kocaeli,6294,Çayırova,6299,Emek
585471,1790198,Sale,Daire,Konut,220000,TRY,220000,TRY,2,1,2 + 1,100,10423,Aydın,10831,Kuşadası,10842,Kadınlar Denizi
585472,1362503,Rent,Daire,Konut,1350,TRY,1350,TRY,4,1,4 + 1,200,5092,Bursa,5969,Osmangazi,6021,Yunuseli
585473,549807,Sale,Daire,Konut,600000,TRY,600000,TRY,3,1,3 + 1,167,5092,Bursa,5776,Nilüfer,5852,Balat
585474,809286,Sale,Daire,Konut,250000,TRY,250000,TRY,2,1,2 + 1,70,1,İstanbul,448,Fatih,74418,Koca Mustafapaşa
585475,1767142,Rent,Daire,Konut,750,TRY,750,TRY,3,1,3 + 1,125,1012,Ankara,2482,Yenimahalle,2506,Güventepe
585476,2097137,Sale,Daire,Konut,380000,TRY,380000,TRY,3,1,3 + 1,128,2554,İzmir,2907,Buca,2914,Yenigün
585477,1011500,Rent,Daire,Konut,1650,TRY,1650,TRY,1,1,1 + 1,55,1012,Ankara,1322,Çankaya,1403,Kızılırmak
585478,2020649,Sale,Müstakil Ev,Konut,325000,TRY,325000,TRY,2,1,2 + 1,140,10423,Aydın,10576,Didim,10589,Akbük
585479,1728363,Rent,Daire,Konut,900,TRY,900,TRY,2,1,2 + 1,80,2554,İzmir,3729,Seferihisar,3733,Camikebir
585480,2258855,Rent,Daire,Konut,800,TRY,800,TRY,1,1,1 + 1,80,1,İstanbul,644,Pendik,647,Esenyalı
585481,2096603,Sale,Daire,Konut,229000,TRY,229000,TRY,3,1,3 + 1,185,18260,Erzurum,19081,Palandöken,75800,Hüseyin Avni Ulaş
585482,2076127,Rent,Daire,Konut,1000,TRY,1000,TRY,1,0,1 + 0,45,1,İstanbul,229,Beylikdüzü,232,Cumhuriyet
585483,2215218,Sale,Daire,Konut,230000,TRY,230000,TRY,3,1,3 + 1,135,3960,Antalya,4947,Muratpaşa,4981,Kızıltoprak
585484,1752308,Rent,Daire,Konut,1200,TRY,1200,TRY,3,1,3 + 1,150,41649,Trabzon,42419,Yomra,42421,Sancak
585485,638793,Rent,Rezidans,Konut,600,TRY,600,TRY,1,1,1 + 1,68,1,İstanbul,394,Esenyurt,413,Yeşilkent
585486,2164514,Sale,Daire,Konut,350000,TRY,350000,TRY,2,1,2 + 1,150,3960,Antalya,4947,Muratpaşa,4972,Gençlik
585487,1832601,Sale,Tarla,Arsa,650000,TRY,650000,TRY,,,,6000,2554,İzmir,3921,Urla,3945,Bademler
585488,2112651,Sale,Daire,Konut,249000,TRY,249000,TRY,2,1,2 + 1,80,1,İstanbul,144,Bayrampaşa,152,Muratpaşa
585489,1694703,Rent,Villa,Konut,3500,TRY,3500,TRY,3,1,3 + 1,200,11210,Balıkesir,11211,Ayvalık,11216,Sefa Çamlık
585490,1973376,Sale,Daire,Konut,240000,TRY,240000,TRY,2,1,2 + 1,70,10423,Aydın,10576,Didim,10589,Akbük
585491,1974285,Rent,Daire,Konut,2400,TRY,2400,TRY,3,1,3 + 1,110,1,İstanbul,182,Beykoz,194,Kanlıca
585492,2007257,Sale,Villa,Konut,5750000,TRY,5750000,TRY,5,2,5 + 2,550,1,İstanbul,66134,Eyüpsultan,66158,Mithatpaşa
585493,1137242,Sale,Daire,Konut,215000,TRY,215000,TRY,2,1,2 + 1,92,43620,Yalova,43684,Yalova Merkez,70311,Fevzi Çakmak
585494,2262690,Rent,Daire,Konut,1300,TRY,1300,TRY,3,1,3 + 1,130,2554,İzmir,3366,Konak,3476,Güzelyalı
585495,2108081,Sale,Daire,Konut,175000,TRY,175000,TRY,2,1,2 + 1,88,6253,Kocaeli,6254,Başiskele,6262,Fatih
585496,1724534,Rent,Daire,Konut,1250,TRY,1250,TRY,1,1,1 + 1,86,2554,İzmir,2989,Çiğli,74810,Ataşehir
585497,2236902,Rent,Daire,Konut,800,TRY,800,TRY,2,1,2 + 1,120,3960,Antalya,4226,Döşemealtı,4232,Bahçeyaka
585498,634453,Sale,Daire,Konut,113000,TRY,113000,TRY,3,1,3 + 1,120,1,İstanbul,394,Esenyurt,62334,Turgut Özal
585499,2274343,Rent,Daire,Konut,1500,TRY,1500,TRY,3,1,3 + 1,175,10423,Aydın,10831,Kuşadası,10832,Türkmen
585500,1706254,Rent,Daire,Konut,850,TRY,850,TRY,2,1,2 + 1,115,36701,Samsun,36803,Atakum,36824,Mevlana
585501,1279172,Sale,Depo / Antrepo,İşyeri,100000,TRY,100000,TRY,,,,115,15241,Denizli,15759,Pamukkale,15828,15 Mayıs
585502,1970252,Rent,Depo / Antrepo,İşyeri,5250,TRY,5250,TRY,,,,550,1,İstanbul,394,Esenyurt,414,Atatürk
585503,1669956,Sale,Daire,Konut,330000,TRY,330000,TRY,3,1,3 + 1,140,10423,Aydın,10576,Didim,10589,Akbük
585504,1932793,Sale,Daire,Konut,190000,TRY,190000,TRY,3,1,3 + 1,150,6253,Kocaeli,6403,Gölcük,6428,Karaköprü
585505,2031143,Sale,Daire,Konut,240000,TRY,240000,TRY,2,1,2 + 1,90,6253,Kocaeli,6294,Çayırova,6297,Cumhuriyet
585506,957431,Sale,Daire,Konut,250000,TRY,250000,TRY,3,1,3 + 1,185,36701,Samsun,36803,Atakum,36826,Yenimahalle
585507,2276943,Rent,Daire,Konut,1100,TRY,1100,TRY,2,1,2 + 1,100,1,İstanbul,394,Esenyurt,62334,Turgut Özal
585508,1760726,Sale,Daire,Konut,152000,TRY,152000,TRY,3,1,3 + 1,120,1012,Ankara,1912,Keçiören,1939,Kafkas
585509,1877635,Sale,Daire,Konut,335000,TRY,335000,TRY,4,1,4 + 1,200,36701,Samsun,36803,Atakum,36819,Esenevler
585510,1809951,Sale,Daire,Konut,330000,TRY,330000,TRY,2,1,2 + 1,85,1,İstanbul,963,Üsküdar,978,Zeynep Kamil
585511,1779872,Rent,Daire,Konut,600,TRY,600,TRY,2,1,2 + 1,75,35966,Sakarya,35967,Adapazarı,35980,Güneşler Merkez
585512,1604917,Sale,Daire,Konut,238000,TRY,238000,TRY,3,1,3 + 1,135,6253,Kocaeli,6254,Başiskele,6276,Seymen
585513,1668114,Sale,Daire,Konut,230000,TRY,230000,TRY,2,1,2 + 1,110,26208,Kırklareli,26273,Lüleburgaz,26295,Zafer
585514,2198714,Sale,Daire,Konut,800000,TRY,800000,TRY,3,1,3 + 1,117,1,İstanbul,703,Sarıyer,704,Maslak
585515,1656113,Sale,Daire,Konut,186000,TRY,186000,TRY,2,1,2 + 1,115,1,İstanbul,394,Esenyurt,59128,Necip Fazıl Kısakürek
585516,2034917,Sale,Tarla,Arsa,17070,TRY,17070,TRY,,,,1138,17436,Edirne,17607,Edirne Merkez,71610,İskender Köyü
585517,1921288,Sale,Daire,Konut,390000,TRY,390000,TRY,3,1,3 + 1,140,2554,İzmir,3480,Menderes,3502,Mithatpaşa
585518,1487578,Rent,Plaza Ofisi,İşyeri,14750,TRY,14750,TRY,,,,400,1,İstanbul,926,Ümraniye,938,Ihlamurkuyu
585519,2250043,Rent,Villa,Konut,5000,TRY,5000,TRY,4,2,4 + 2,360,1,İstanbul,131,Başakşehir,141,Bahçeşehir 2. Kısım
585520,1553337,Sale,Daire,Konut,130000,TRY,130000,TRY,5,2,5 + 2,150,36701,Samsun,37367,İlkadım,37414,Yenidoğan
585521,2273736,Sale,Daire,Konut,740000,TRY,740000,TRY,3,1,3 + 1,150,1,İstanbul,182,Beykoz,183,Kavacık
585522,1323328,Sale,Tarla,Arsa,44000,TRY,44000,TRY,,,,2582,1012,Ankara,1013,Akyurt,1029,Kızık
585523,707338,Rent,Rezidans,Konut,2500,TRY,2500,TRY,1,1,1 + 1,90,1,İstanbul,49,Ataşehir,50,Küçükbakkalköy
585524,2242220,Rent,Daire,Konut,1500,TRY,1500,TRY,3,1,3 + 1,185,15241,Denizli,15759,Pamukkale,15795,Yunusemre
585525,2238997,Sale,Villa,Konut,1350000,TRY,1350000,TRY,5,1,5 + 1,260,3960,Antalya,4641,Konyaaltı,4648,Molla Yusuf
585526,1576462,Rent,Daire,Konut,11000,TRY,11000,TRY,2,1,2 + 1,70,32637,Muğla,32638,Bodrum,32702,Yalıkavak
585527,1921269,Sale,Tarla,Arsa,925000,TRY,925000,TRY,,,,4600,2554,İzmir,2555,Aliağa,2573,Çaltılıdere
585528,2190698,Sale,Daire,Konut,350000,TRY,350000,TRY,4,1,4 + 1,181,6253,Kocaeli,6788,Körfez,6789,Mimar Sinan
585529,1770871,Sale,Daire,Konut,265000,TRY,265000,TRY,1,1,1 + 1,70,10423,Aydın,10831,Kuşadası,10842,Kadınlar Denizi
585530,1214501,Sale,Daire,Konut,1150000,TRY,1150000,TRY,5,2,5 + 2,280,1,İstanbul,229,Beylikdüzü,236,Adnan Kahveci
585531,2064656,Sale,Daire,Konut,268000,TRY,268000,TRY,2,1,2 + 1,100,1,İstanbul,682,Sancaktepe,690,Eyüp Sultan
585532,630000,Sale,Daire,Konut,325000,TRY,325000,TRY,3,1,3 + 1,160,1012,Ankara,1041,Altındağ,1048,Ali Ersoy
585533,2185371,Sale,Yazlık,Konut,119500,TRY,119500,TRY,2,1,2 + 1,80,35966,Sakarya,36419,Karasu,36423,Aziziye
585534,2129978,Rent,Dükkan / Mağaza,İşyeri,2000,TRY,2000,TRY,,,,70,2554,İzmir,3102,Karabağlar,3104,Basın Sitesi
585535,1971878,Sale,Daire,Konut,315000,TRY,315000,TRY,3,1,3 + 1,155,19584,Eskişehir,19836,Odunpazarı,19873,Kurtuluş
585536,1596406,Sale,Dükkan / Mağaza,İşyeri,1600000,TRY,1600000,TRY,,,,155,8229,Afyonkarahisar,8669,Afyonkarahisar Merkez,69694,Dumlupınar
585537,1370375,Rent,Villa,Konut,164000,TRY,164000,TRY,6,1,6 + 1,420,25014,Kayseri,25691,Talas,25710,Harman
585538,2265831,Sale,Daire,Konut,259000,TRY,259000,TRY,2,1,2 + 1,95,1,İstanbul,926,Ümraniye,935,Çakmak
585539,1606405,Rent,Daire,Konut,1400,TRY,1400,TRY,2,1,2 + 1,120,15241,Denizli,15957,Merkezefendi,15964,Bozburun
585540,1386439,Sale,Daire,Konut,180000,TRY,180000,TRY,2,1,2 + 1,100,3960,Antalya,4574,Kepez,4580,Baraj
585541,1984357,Rent,Daire,Konut,800,TRY,800,TRY,3,1,3 + 1,110,5092,Bursa,5138,Gemlik,5144,Dr. Ziya Kaya
585542,1452111,Sale,Daire,Konut,230000,TRY,230000,TRY,2,1,2 + 1,110,1,İstanbul,394,Esenyurt,54738,Piri Reis
585543,1607318,Rent,Daire,Konut,3200,TRY,3200,TRY,2,1,2 + 1,90,1,İstanbul,241,Beyoğlu,245,Gümüşsuyu
585544,2007000,Sale,Rezidans,Konut,840000,TRY,840000,TRY,3,1,3 + 1,162,10423,Aydın,10831,Kuşadası,10850,Ege
585545,1810280,Rent,İşhanı Katı - Ofisi,İşyeri,21500,TRY,21500,TRY,,,,1300,1,İstanbul,78,Bağcılar,80,Mahmutbey
585546,1718479,Sale,Daire,Konut,169500,TRY,169500,TRY,3,1,3 + 1,150,40596,Tekirdağ,40597,Çerkezköy,40623,Kızılpınar
585547,2181595,Rent,Villa,Konut,12500,TRY,12500,TRY,4,1,4 + 1,200,32637,Muğla,32638,Bodrum,32648,Bitez
585548,1607361,Sale,Daire,Konut,1050000,TRY,1050000,TRY,5,1,5 + 1,230,1,İstanbul,144,Bayrampaşa,149,Yıldırım
585549,1792151,Rent,İşhanı Katı - Ofisi,İşyeri,1250,TRY,1250,TRY,,,,140,41649,Trabzon,42456,Ortahisar,42482,Kemerkaya
585550,1634825,Sale,Konut İmarlı,Arsa,285000,TRY,285000,TRY,,,,400,29689,Manisa,30838,Yunusemre,30865,Bağyolu
585551,1880283,Rent,Daire,Konut,1650,TRY,1650,TRY,3,1,3 + 1,160,1,İstanbul,601,Küçükçekmece,605,Cumhuriyet
585552,1613136,Sale,Daire,Konut,267000,TRY,267000,TRY,3,1,3 + 1,125,40596,Tekirdağ,40950,Süleymanpaşa,40953,Gündoğdu-Turgut
585553,1612666,Sale,Daire,Konut,220000,TRY,220000,TRY,3,1,3 + 1,140,10423,Aydın,11001,Söke,11003,Atatürk
585554,2038607,Sale,Villa,Konut,500000,TRY,500000,TRY,3,1,3 + 1,180,2554,İzmir,3480,Menderes,3481,Barbaros
585555,1802973,Sale,Daire,Konut,175000,TRY,175000,TRY,3,1,3 + 1,130,10423,Aydın,11113,Efeler,11130,Mesudiye
585556,952698,Sale,Daire,Konut,257500,TRY,257500,TRY,3,1,3 + 1,110,1,İstanbul,926,Ümraniye,946,Madenler
585557,1637196,Sale,Daire,Konut,215000,TRY,215000,TRY,3,1,3 + 1,130,1012,Ankara,1041,Altındağ,1044,Karapürçek
585558,2222804,Sale,Konut İmarlı,Arsa,80000,TRY,80000,TRY,,,,238,17436,Edirne,17517,Keşan,17521,Büyük Cami
585559,1989307,Rent,Daire,Konut,1200,TRY,1200,TRY,2,1,2 + 1,90,2554,İzmir,3366,Konak,3476,Güzelyalı
585560,2024979,Rent,Daire,Konut,2000,TRY,2000,TRY,3,1,3 + 1,130,1,İstanbul,182,Beykoz,183,Kavacık
585561,1718986,Rent,Daire,Konut,600,TRY,600,TRY,3,1,3 + 1,110,35966,Sakarya,35967,Adapazarı,36023,Yenigün
585562,1744307,Rent,Daire,Konut,750,TRY,750,TRY,1,0,1 + 0,55,6826,Adana,6995,Çukurova,7000,Güzelyalı
585563,1317746,Sale,Konut İmarlı,Arsa,450000,TRY,450000,TRY,,,,285,32637,Muğla,32638,Bodrum,32674,Akyarlar
585564,2145629,Sale,Komple Bina,Konut,2550000,TRY,2550000,TRY,,,,850,1,İstanbul,448,Fatih,74418,Koca Mustafapaşa
585565,1513439,Sale,Konut + Ticaret,Arsa,2500000,TRY,2500000,TRY,,,,4500,44190,Zonguldak,44415,Ereğli,44477,Ömerli
585566,2183506,Rent,Daire,Konut,5100,TRY,5100,TRY,4,1,4 + 1,200,1,İstanbul,537,Kadıköy,549,Caddebostan
585567,1728345,Sale,Daire,Konut,600000,TRY,600000,TRY,2,1,2 + 1,97,1,İstanbul,229,Beylikdüzü,234,Kavaklı
585568,2042108,Sale,Daire,Konut,400000,TRY,400000,TRY,5,1,5 + 1,215,1,İstanbul,682,Sancaktepe,694,Meclis
585569,1759374,Rent,Daire,Konut,1000,TRY,1000,TRY,1,1,1 + 1,70,1,İstanbul,131,Başakşehir,141,Bahçeşehir 2. Kısım
585570,1619487,Sale,Daire,Konut,350000,TRY,350000,TRY,2,1,2 + 1,90,1,İstanbul,601,Küçükçekmece,605,Cumhuriyet
585571,2216377,Rent,Daire,Konut,1650,TRY,1650,TRY,3,1,3 + 1,130,1,İstanbul,229,Beylikdüzü,236,Adnan Kahveci
585572,2232512,Sale,Daire,Konut,260000,TRY,260000,TRY,3,1,3 + 1,170,6253,Kocaeli,6661,Karamürsel,6690,4 Temmuz
585573,2050097,Sale,Daire,Konut,305000,TRY,305000,TRY,2,1,2 + 1,100,3960,Antalya,4947,Muratpaşa,4994,Varlık
585574,1903704,Sale,Dükkan / Mağaza,İşyeri,298000,TRY,298000,TRY,,,,65,1,İstanbul,101,Bahçelievler,104,Bahçelievler
585575,1576668,Sale,Daire,Konut,365000,TRY,365000,TRY,3,1,3 + 1,170,11210,Balıkesir,11609,Edremit,11640,Akçay
585576,1949801,Sale,Tarla,Arsa,300000,TRY,300000,TRY,,,,6800,35966,Sakarya,36561,Pamukova,36574,Karapınar
585577,1626550,Rent,Dükkan / Mağaza,İşyeri,35000,TRY,35000,TRY,,,,3000,1,İstanbul,229,Beylikdüzü,235,Yakuplu
585578,1744092,Rent,Daire,Konut,2000,TRY,2000,TRY,4,1,4 + 1,210,1012,Ankara,1565,Etimesgut,1579,Bağlıca
585579,1822228,Sale,Daire,Konut,279000,TRY,279000,TRY,3,1,3 + 1,150,3960,Antalya,4641,Konyaaltı,4645,Hurma
585580,2156726,Sale,Daire,Konut,470000,TRY,470000,TRY,3,1,3 + 1,125,1,İstanbul,903,Tuzla,909,Yayla
585581,1682604,Sale,Daire,Konut,192000,TRY,192000,TRY,3,1,3 + 1,135,1,İstanbul,229,Beylikdüzü,232,Cumhuriyet
585582,1954761,Rent,Daire,Konut,1000,TRY,1000,TRY,1,1,1 + 1,45,31676,Mersin,32601,Yenişehir,32605,Çiftlikköy
585583,762377,Sale,Daire,Konut,490000,TRY,490000,TRY,3,1,3 + 1,115,1,İstanbul,625,Maltepe,641,Girne
585584,1929502,Sale,Daire,Konut,379000,TRY,379000,TRY,2,1,2 + 1,90,1012,Ankara,1322,Çankaya,1360,İlkadım
585585,2004429,Sale,Daire,Konut,377500,TRY,377500,TRY,3,1,3 + 1,140,2554,İzmir,3767,Tire,3786,Adnan Menderes
585586,1431297,Sale,Komple Bina,Konut,535000,TRY,535000,TRY,,,,125,19584,Eskişehir,20081,Tepebaşı,20153,Çamlıca
585587,1235712,Sale,Müstakil Ev,Konut,157000,TRY,157000,TRY,4,2,4 + 2,120,10423,Aydın,10831,Kuşadası,10835,Dağ
585588,2189679,Sale,Villa,Konut,780000,TRY,780000,TRY,5,1,5 + 1,200,2554,İzmir,3921,Urla,3940,Yelaltı
585589,1840733,Sale,Villa,Konut,620000,TRY,620000,TRY,1153,0,10 ve üzeri,200,10423,Aydın,10576,Didim,10589,Akbük
585590,1379038,Sale,Daire,Konut,195000,TRY,195000,TRY,3,1,3 + 1,120,24121,Karaman,24214,Karaman Merkez,70537,Cumhuriyet
585591,2128963,Sale,Daire,Konut,266000,TRY,266000,TRY,3,1,3 + 1,162,36701,Samsun,36803,Atakum,36822,İstiklal
585592,1622630,Rent,Daire,Konut,580,TRY,580,TRY,3,1,3 + 1,105,1012,Ankara,1912,Keçiören,1914,Atapark
585593,1659119,Rent,Daire,Konut,750,TRY,750,TRY,3,1,3 + 1,115,8229,Afyonkarahisar,8669,Afyonkarahisar Merkez,69694,Dumlupınar
585594,1927410,Rent,Cafe / Restoran / Bar,İşyeri,6750,TRY,6750,TRY,,,,200,3960,Antalya,4947,Muratpaşa,4954,Şirinyalı
585595,2158444,Rent,Daire,Konut,1300,TRY,1300,TRY,1,1,1 + 1,65,1,İstanbul,67,Avcılar,70,Denizköşkler
585596,2132186,Sale,Komple Bina,Konut,1100000,TRY,1100000,TRY,,,,550,1,İstanbul,580,Kartal,593,Gümüşpınar
585597,2260031,Rent,Daire,Konut,1800,TRY,1800,TRY,2,1,2 + 1,100,1,İstanbul,113,Bakırköy,116,Yeşilköy
585598,1637786,Sale,Daire,Konut,350000,TRY,350000,TRY,3,1,3 + 1,240,34018,Niğde,34149,Niğde Merkez,70412,İnönü
585599,2213116,Rent,Daire,Konut,7500,TRY,7500,TRY,3,1,3 + 1,184,1,İstanbul,703,Sarıyer,713,Ayazağa
585600,2147852,Sale,Daire,Konut,650000,TRY,650000,TRY,3,1,3 + 1,160,2554,İzmir,3921,Urla,3925,Çamlıçay
585601,2021882,Sale,Daire,Konut,117000,TRY,117000,TRY,2,1,2 + 1,120,6826,Adana,7381,Sarıçam,7389,Çarkıpare
585602,2232053,Sale,Daire,Konut,147000,TRY,147000,TRY,2,1,2 + 1,105,40596,Tekirdağ,40626,Çorlu,40634,Kemalettin
585603,2052925,Sale,Daire,Konut,459000,TRY,459000,TRY,4,1,4 + 1,220,1012,Ankara,1912,Keçiören,1950,Ovacık
585604,1820570,Sale,Daire,Konut,313000,TRY,313000,TRY,3,1,3 + 1,120,5092,Bursa,5776,Nilüfer,5848,Esentepe
585605,2265596,Rent,Daire,Konut,1200,TRY,1200,TRY,1,1,1 + 1,90,3960,Antalya,4641,Konyaaltı,4647,Liman
585606,2177021,Sale,Daire,Konut,230000,TRY,230000,TRY,3,1,3 + 1,160,11210,Balıkesir,11304,Bandırma,11322,Kayacık
585607,2260865,Sale,Müstakil Ev,Konut,990000,TRY,990000,TRY,4,1,4 + 1,200,14264,Çanakkale,14532,Çanakkale Merkez,70407,Kepez Bld. (Boğazkent)
585608,1784892,Rent,Daire,Konut,1450,TRY,1450,TRY,3,1,3 + 1,125,1,İstanbul,229,Beylikdüzü,231,Büyükşehir
585609,1771114,Sale,Müstakil Ev,Konut,155000,TRY,155000,TRY,4,1,4 + 1,128,22677,Isparta,22847,Isparta Merkez,69944,Sülübey
585610,1653185,Rent,Daire,Konut,600,TRY,600,TRY,3,1,3 + 1,106,17102,Düzce,17250,Düzce Merkez,70817,Koçyazı
585611,1774915,Rent,Daire,Konut,1200,TRY,1200,TRY,2,1,2 + 1,70,2554,İzmir,2907,Buca,2912,Hürriyet
585612,1713772,Sale,Daire,Konut,222000,TRY,222000,TRY,2,1,2 + 1,90,1,İstanbul,682,Sancaktepe,695,Merve
585613,2282859,Sale,Daire,Konut,179500,TRY,179500,TRY,3,1,3 + 1,120,1,İstanbul,682,Sancaktepe,688,Atatürk
585614,1693479,Sale,Daire,Konut,125000,TRY,125000,TRY,1,1,1 + 1,65,14264,Çanakkale,14532,Çanakkale Merkez,70108,İsmetpaşa
585615,1466827,Sale,Dükkan / Mağaza,İşyeri,21500,TRY,21500,TRY,,,,35,5092,Bursa,5969,Osmangazi,6004,Akpınar
585616,1390177,Sale,Daire,Konut,125000,TRY,125000,TRY,2,1,2 + 1,90,40596,Tekirdağ,40597,Çerkezköy,40606,Yıldırım Beyazıt
585617,2108742,Sale,Daire,Konut,248000,TRY,248000,TRY,1,1,1 + 1,55,10423,Aydın,10831,Kuşadası,10842,Kadınlar Denizi
585618,1865136,Sale,Daire,Konut,265000,TRY,265000,TRY,3,1,3 + 1,135,1012,Ankara,1912,Keçiören,1945,Kavacık Subayevleri
585619,1908092,Rent,Villa,Konut,7500,TRY,7500,TRY,4,2,4 + 2,300,1,İstanbul,903,Tuzla,912,Cami
585620,1471267,Sale,Konut İmarlı,Arsa,55000,TRY,55000,TRY,,,,260,1,İstanbul,806,Silivri,69758,Fatih
585621,2265072,Rent,Daire,Konut,950,TRY,950,TRY,2,1,2 + 1,70,2554,İzmir,2989,Çiğli,2996,Esentepe
585622,1378526,Rent,Daire,Konut,1000,TRY,1000,TRY,3,1,3 + 1,120,1012,Ankara,1322,Çankaya,1447,Aşıkpaşa
585623,2155746,Sale,Daire,Konut,146000,TRY,146000,TRY,2,1,2 + 1,120,15241,Denizli,15957,Merkezefendi,15991,Mehmet Akif Ersoy
585624,1717484,Sale,Daire,Konut,275000,TRY,275000,TRY,2,1,2 + 1,130,6253,Kocaeli,6455,İzmit,6540,Kadıköy
585625,2103148,Sale,Daire,Konut,870000,TRY,870000,TRY,3,1,3 + 1,170,2554,İzmir,2589,Balçova,2592,Korutürk
585626,1388478,Sale,Daire,Konut,95000,TRY,95000,TRY,1,1,1 + 1,55,35966,Sakarya,36419,Karasu,36424,Yalı
585627,1482561,Sale,Villa,Konut,290000,TRY,290000,TRY,4,1,4 + 1,200,1012,Ankara,1615,Gölbaşı,1617,Karşıyaka
585628,1188855,Sale,Daire,Konut,550000,TRY,550000,TRY,3,1,3 + 1,155,1,İstanbul,131,Başakşehir,141,Bahçeşehir 2. Kısım
585629,1666193,Rent,Daire,Konut,850,TRY,850,TRY,1,1,1 + 1,45,3960,Antalya,4574,Kepez,4606,Kültür
585630,1927285,Sale,Daire,Konut,200000,TRY,200000,TRY,3,1,3 + 1,130,17102,Düzce,17250,Düzce Merkez,71990,Yahyalar
585631,1559759,Sale,Tarla,Arsa,90000,TRY,90000,TRY,,,,2590,11210,Balıkesir,11714,Gönen,11799,Altay
585632,2008584,Sale,Konut İmarlı,Arsa,950000,TRY,950000,TRY,,,,560,41649,Trabzon,42456,Ortahisar,42535,Akyazı
585633,2272945,Sale,Villa,Konut,2400000,TRY,2400000,TRY,4,1,4 + 1,230,32637,Muğla,32746,Fethiye,32747,Göcek
585634,1208421,Sale,Muhtelif Arsa,Arsa,210000,TRY,210000,TRY,,,,701,1,İstanbul,314,Çatalca,343,Oklalı
585635,576561,Sale,Daire,Konut,625000,TRY,625000,TRY,3,1,3 + 1,130,1,İstanbul,101,Bahçelievler,74397,Kocasinan Merkez
585636,2071752,Sale,Daire,Konut,500000,TRY,500000,TRY,4,1,4 + 1,175,1,İstanbul,101,Bahçelievler,109,Soğanlı
585637,1776353,Sale,Daire,Konut,930000,TRY,930000,TRY,4,1,4 + 1,300,2554,İzmir,3071,Gaziemir,3082,Irmak
585638,1596813,Rent,Daire,Konut,300,TRY,300,TRY,3,1,3 + 1,150,11210,Balıkesir,11211,Ayvalık,47596,Küçükköy
585639,2237666,Sale,Zeytinlik,Arsa,44000,TRY,44000,TRY,,,,4100,29689,Manisa,29716,Akhisar,29793,Kapaklı
585640,1936648,Rent,Daire,Konut,600,TRY,600,TRY,2,1,2 + 1,140,24121,Karaman,24214,Karaman Merkez,70088,Mümine Hatun
585641,1865090,Sale,Daire,Konut,530000,TRY,530000,TRY,3,1,3 + 1,130,1,İstanbul,49,Ataşehir,50,Küçükbakkalköy
585642,2177189,Sale,Konut İmarlı,Arsa,4000000,TRY,4000000,TRY,,,,1153,3960,Antalya,4574,Kepez,4618,Yeni Doğan
585643,1945489,Rent,Daire,Konut,1600,TRY,1600,TRY,4,1,4 + 1,185,1012,Ankara,1912,Keçiören,1952,Sancaktepe
585644,2285961,Sale,Villa,Konut,8475000,TRY,8475000,TRY,6,2,6 + 2,450,32637,Muğla,32638,Bodrum,32685,Gündoğan
585645,1245863,Sale,Yazlık,Konut,420000,TRY,420000,TRY,3,1,3 + 1,120,2554,İzmir,3729,Seferihisar,3737,Mersin Alanı
585646,1496061,Sale,Villa,Konut,750000,TRY,750000,TRY,3,2,3 + 2,135,43620,Yalova,43621,Altınova,72889,Kaytazdere Bld. (Kaytazdere)
585647,2158674,Sale,Daire,Konut,138000,TRY,138000,TRY,1,1,1 + 1,100,31676,Mersin,31885,Erdemli,31899,Tömük
585648,1496476,Sale,Daire,Konut,265000,TRY,265000,TRY,2,1,2 + 1,81,10423,Aydın,10831,Kuşadası,10833,İkiçeşmelik
585649,1728384,Rent,Daire,Konut,1450,TRY,1450,TRY,1,1,1 + 1,70,3960,Antalya,4641,Konyaaltı,4645,Hurma
585650,1342073,Sale,Daire,Konut,350000,TRY,350000,TRY,3,1,3 + 1,120,2554,İzmir,3183,Karşıyaka,3189,Bahriye Üçok
585651,1787735,Sale,Daire,Konut,215000,TRY,215000,TRY,3,1,3 + 1,120,36701,Samsun,37367,İlkadım,37377,Kalkancı
585652,1431242,Sale,Daire,Konut,169000,TRY,169000,TRY,2,1,2 + 1,100,1,İstanbul,229,Beylikdüzü,73159,Beylikdüzü OSB
585653,1840323,Sale,Bağ,Arsa,380000,TRY,380000,TRY,,,,4680,2554,İzmir,3212,Kemalpaşa,3231,Yukarıkızılca Merkez
585654,1802910,Sale,Özel Kullanım,Arsa,1600000,TRY,1600000,TRY,,,,1560,1012,Ankara,1615,Gölbaşı,1618,İncek
585655,2204617,Sale,Daire,Konut,285000,TRY,285000,TRY,3,1,3 + 1,155,43717,Yozgat,43929,Yozgat Merkez,70749,Çapanoğlu
585656,1770017,Sale,Daire,Konut,170000,TRY,170000,TRY,2,1,2 + 1,100,41649,Trabzon,42456,Ortahisar,42474,Aydınlıkevler
585657,2300869,Sale,Daire,Konut,220000,TRY,220000,TRY,3,1,3 + 1,140,31676,Mersin,32204,Silifke,32241,Göksu
585658,2070252,Sale,Daire,Konut,105000,TRY,105000,TRY,1,0,1 + 0,60,1,İstanbul,377,Esenler,378,Fatih
585659,560863,Sale,Daire,Konut,315000,TRY,315000,TRY,2,1,2 + 1,100,2554,İzmir,3183,Karşıyaka,3196,Yalı
585660,1672074,Sale,Villa,Konut,5750000,TRY,5750000,TRY,8,1,8 + 1,300,32637,Muğla,32638,Bodrum,32699,Turgutreis
585661,2218799,Sale,Daire,Konut,350000,TRY,350000,TRY,4,1,4 + 1,210,10423,Aydın,10576,Didim,10591,Ak-Yeniköy
585662,1924116,Sale,Tarla,Arsa,225000,TRY,225000,TRY,,,,1350,1,İstanbul,742,Şile,794,Kömürlük
585663,1715489,Sale,Daire,Konut,208000,TRY,208000,TRY,2,1,2 + 1,100,11210,Balıkesir,11609,Edremit,11640,Akçay
585664,1735215,Sale,Müstakil Ev,Konut,375000,TRY,375000,TRY,4,2,4 + 2,285,32637,Muğla,32733,Datça,32736,Reşadiye
585665,2017902,Sale,Daire,Konut,265000,TRY,265000,TRY,3,1,3 + 1,160,36701,Samsun,36803,Atakum,36826,Yenimahalle
585666,2288427,Sale,Konut İmarlı,Arsa,325000,TRY,325000,TRY,,,,517,3960,Antalya,4816,Manavgat,53799,Ilıca
585667,651241,Sale,Dükkan / Mağaza,İşyeri,160000,TRY,160000,TRY,,,,65,31676,Mersin,32049,Mezitli,32062,Akdeniz
585668,1407140,Sale,Konut İmarlı,Arsa,255000,TRY,255000,TRY,,,,566,1,İstanbul,806,Silivri,827,Balaban
585669,2127790,Rent,Daire,Konut,2500,TRY,2500,TRY,2,1,2 + 1,100,32637,Muğla,32638,Bodrum,32683,Göltürkbükü
585670,2026871,Rent,Villa,Konut,3750,TRY,3750,TRY,6,2,6 + 2,380,1012,Ankara,1615,Gölbaşı,1640,Tulumtaş
585671,1367563,Sale,Daire,Konut,300000,TRY,300000,TRY,3,1,3 + 1,120,1,İstanbul,926,Ümraniye,942,Elmalıkent
585672,1722851,Sale,Daire,Konut,80900,TRY,80900,TRY,3,1,3 + 1,120,1012,Ankara,1013,Akyurt,1035,Yıldırım
585673,2095644,Sale,Daire,Konut,180000,TRY,180000,TRY,2,1,2 + 1,110,40596,Tekirdağ,40940,Kapaklı,51932,Atatürk
585674,1072902,Sale,Daire,Konut,260000,TRY,260000,TRY,3,1,3 + 1,110,1,İstanbul,101,Bahçelievler,110,Zafer
585675,1430366,Sale,Daire,Konut,200000,TRY,200000,TRY,2,1,2 + 1,110,40596,Tekirdağ,40597,Çerkezköy,40602,Fatih
585676,1551550,Sale,Daire,Konut,225000,TRY,225000,TRY,2,1,2 + 1,90,32637,Muğla,32706,Dalaman,32711,Altıntas
585677,1811872,Sale,Daire,Konut,155000,TRY,155000,TRY,2,1,2 + 1,100,1,İstanbul,394,Esenyurt,406,İnönü
585678,2258420,Sale,Dükkan / Mağaza,İşyeri,750000,TRY,750000,TRY,,,,28,1,İstanbul,537,Kadıköy,538,Göztepe
585679,1771807,Sale,Daire,Konut,200000,TRY,200000,TRY,2,1,2 + 1,97,1,İstanbul,229,Beylikdüzü,236,Adnan Kahveci
585680,1933644,Rent,Daire,Konut,3000,TRY,3000,TRY,3,1,3 + 1,180,17436,Edirne,17607,Edirne Merkez,70915,Şükrüpaşa
585681,2105470,Sale,Daire,Konut,400000,TRY,400000,TRY,2,1,2 + 1,85,1,İstanbul,537,Kadıköy,541,Suadiye
585682,2200695,Sale,Daire,Konut,173000,TRY,173000,TRY,2,1,2 + 1,90,1,İstanbul,887,Sultangazi,893,Esentepe
585683,1975420,Sale,Daire,Konut,549000,TRY,549000,TRY,4,1,4 + 1,195,1012,Ankara,1565,Etimesgut,1579,Bağlıca
585684,2228287,Sale,Daire,Konut,350000,TRY,350000,TRY,3,1,3 + 1,165,36701,Samsun,36803,Atakum,36826,Yenimahalle
585685,2139456,Rent,Daire,Konut,2300,TRY,2300,TRY,1,1,1 + 1,55,1,İstanbul,241,Beyoğlu,245,Gümüşsuyu
585686,1418724,Sale,Daire,Konut,210000,TRY,210000,TRY,3,1,3 + 1,160,31676,Mersin,32049,Mezitli,32061,Merkez
585687,2064333,Sale,Daire,Konut,400000,TRY,400000,TRY,3,1,3 + 1,155,31676,Mersin,32601,Yenişehir,32605,Çiftlikköy
585688,662189,Rent,Daire,Konut,900,TRY,900,TRY,1,1,1 + 1,58,8229,Afyonkarahisar,8669,Afyonkarahisar Merkez,70156,Marulcu
585689,1622678,Rent,Daire,Konut,1850,TRY,1850,TRY,3,1,3 + 1,130,2554,İzmir,3183,Karşıyaka,3189,Bahriye Üçok
585690,2086710,Sale,Çok Amaçlı,Arsa,200000,TRY,200000,TRY,,,,14500,40596,Tekirdağ,40950,Süleymanpaşa,40958,Ertuğrul
585691,1696061,Rent,Daire,Konut,1300,TRY,1300,TRY,2,1,2 + 1,115,3960,Antalya,4641,Konyaaltı,4649,Pınarbaşı
585692,2001843,Sale,Daire,Konut,852000,TRY,852000,TRY,4,1,4 + 1,240,3960,Antalya,4816,Manavgat,4907,Evrenseki
585693,2022552,Sale,Daire,Konut,660000,TRY,660000,TRY,4,1,4 + 1,190,1,İstanbul,601,Küçükçekmece,604,Cennet
585694,1857019,Sale,Daire,Konut,215000,TRY,215000,TRY,1,1,1 + 1,85,15241,Denizli,15957,Merkezefendi,15983,Çakmak
585695,2273046,Sale,Daire,Konut,226000,TRY,226000,TRY,3,1,3 + 1,160,3960,Antalya,4947,Muratpaşa,4985,Muratpaşa
585696,1943123,Sale,Daire,Konut,179000,TRY,179000,TRY,2,1,2 + 1,110,2554,İzmir,3858,Torbalı,3868,Fevzi Çakmak
585697,623468,Sale,Daire,Konut,1350000,TRY,1350000,TRY,3,2,3 + 2,200,1,İstanbul,101,Bahçelievler,104,Bahçelievler
585698,2264812,Rent,Ofis,İşyeri,1100,TRY,1100,TRY,,,,80,1,İstanbul,507,Gaziosmanpaşa,522,Merkez
585699,1911670,Rent,Daire,Konut,1300,TRY,1300,TRY,2,1,2 + 1,80,1,İstanbul,101,Bahçelievler,106,Hürriyet
585700,1625000,Sale,Daire,Konut,120000,TRY,120000,TRY,2,1,2 + 1,105,1,İstanbul,229,Beylikdüzü,232,Cumhuriyet
585701,1489871,Sale,Daire,Konut,179000,TRY,179000,TRY,4,2,4 + 2,180,25014,Kayseri,25366,Melikgazi,25401,Mimarsinanfatih
585702,1123045,Sale,Daire,Konut,1835000,TRY,1835000,TRY,3,1,3 + 1,170,1,İstanbul,703,Sarıyer,713,Ayazağa
585703,1777370,Rent,Daire,Konut,1600,TRY,1600,TRY,3,1,3 + 1,145,1,İstanbul,229,Beylikdüzü,231,Büyükşehir
585704,1547510,Rent,Daire,Konut,580,TRY,580,TRY,3,1,3 + 1,130,34018,Niğde,34149,Niğde Merkez,70792,Şahsüleyman
585705,1828179,Sale,Daire,Konut,165000,TRY,165000,TRY,2,1,2 + 1,94,29689,Manisa,30335,Salihli,30373,Beşeylül
585706,1514457,Rent,Daire,Konut,1400,TRY,1400,TRY,2,1,2 + 1,100,1,İstanbul,580,Kartal,73130,Uğur Mumcu
585707,2201093,Rent,Daire,Konut,2000,TRY,2000,TRY,3,1,3 + 1,140,2554,İzmir,2589,Balçova,2593,Onur
585708,1718086,Sale,Daire,İşyeri,1000000,TRY,1000000,TRY,3,1,3 + 1,150,1,İstanbul,156,Beşiktaş,159,Etiler
585709,804623,Sale,Daire,Konut,205000,TRY,205000,TRY,3,1,3 + 1,120,1012,Ankara,1912,Keçiören,1919,İncirli
585710,1505195,Sale,Daire,Konut,225000,TRY,225000,TRY,3,1,3 + 1,118,2554,İzmir,2660,Bayraklı,2678,Postacılar
585711,1680811,Sale,Daire,Konut,275000,TRY,275000,TRY,3,1,3 + 1,138,40100,Sivas,40310,Sivas Merkez,70149,Yeşilyurt
585712,1814225,Sale,Yazlık,Konut,580000,TRY,580000,TRY,3,1,3 + 1,120,2554,İzmir,3729,Seferihisar,3734,Cumhuriyet
585713,2016784,Sale,Daire,Konut,290000,TRY,290000,TRY,2,1,2 + 1,125,11210,Balıkesir,12382,Karesi,12396,Paşa Alanı
585714,1324975,Sale,Daire,Konut,330000,TRY,330000,TRY,2,1,2 + 1,95,1,İstanbul,144,Bayrampaşa,152,Muratpaşa
585715,2100070,Sale,Daire,Konut,300000,TRY,300000,TRY,3,1,3 + 1,125,1012,Ankara,1322,Çankaya,1333,Mürsel Uluç
585716,1937585,Sale,Daire,Konut,285000,TRY,285000,TRY,2,1,2 + 1,85,10423,Aydın,10831,Kuşadası,10833,İkiçeşmelik
585717,1618511,Sale,Daire,Konut,550000,TRY,550000,TRY,4,1,4 + 1,210,8229,Afyonkarahisar,8669,Afyonkarahisar Merkez,70462,Yeşilyurt
585718,1927432,Sale,Dükkan / Mağaza,İşyeri,200000,TRY,200000,TRY,,,,160,1012,Ankara,1322,Çankaya,1437,Birlik
585719,1256563,Sale,Daire,Konut,198000,TRY,198000,TRY,2,1,2 + 1,95,6253,Kocaeli,6294,Çayırova,6301,Özgürlük
585720,2280904,Rent,Daire,Konut,1000,TRY,1000,TRY,3,1,3 + 1,150,1012,Ankara,2482,Yenimahalle,2540,Avcılar
585721,2056265,Rent,Daire,Konut,800,TRY,800,TRY,1,1,1 + 1,65,3960,Antalya,4641,Konyaaltı,4645,Hurma
585722,1871153,Sale,Daire,Konut,185000,TRY,185000,TRY,3,1,3 + 1,113,6253,Kocaeli,6254,Başiskele,6259,Barbaros
585723,1522395,Sale,Tarla,Arsa,19500,TRY,19500,TRY,,,,456,29689,Manisa,29716,Akhisar,29812,Seğirdim
585724,1008105,Sale,Daire,Konut,192000,TRY,192000,TRY,1,0,1 + 0,20,1,İstanbul,625,Maltepe,626,Küçükyalı
585725,1625467,Sale,Daire,Konut,190000,TRY,190000,TRY,4,1,4 + 1,200,29689,Manisa,30838,Yunusemre,30854,Atatürk
585726,2135930,Sale,Daire,Konut,439000,TRY,439000,TRY,4,2,4 + 2,200,1,İstanbul,926,Ümraniye,952,Altınşehir
585727,968535,Sale,Daire,Konut,450000,TRY,450000,TRY,5,1,5 + 1,360,1012,Ankara,1322,Çankaya,1341,Akpınar
585728,1915020,Sale,Dükkan / Mağaza,İşyeri,1450000,TRY,1450000,TRY,,,,250,2554,İzmir,2989,Çiğli,74810,Ataşehir
585729,2200465,Sale,Dükkan / Mağaza,İşyeri,360000,TRY,360000,TRY,,,,20,1,İstanbul,182,Beykoz,183,Kavacık
585730,2165634,Rent,Daire,Konut,750,TRY,750,TRY,3,1,3 + 1,120,8229,Afyonkarahisar,8669,Afyonkarahisar Merkez,70889,Fatih
585731,2131831,Rent,Daire,Konut,1400,TRY,1400,TRY,2,1,2 + 1,80,1,İstanbul,448,Fatih,483,Silivrikapı
585732,2042285,Sale,Daire,Konut,210000,TRY,210000,TRY,2,1,2 + 1,90,2554,İzmir,2907,Buca,2936,Mustafa Kemal
585733,1725303,Sale,Yazlık,Konut,179500,TRY,179500,TRY,2,1,2 + 1,75,40596,Tekirdağ,40950,Süleymanpaşa,40963,Kumbağ
585734,1085314,Sale,Villa,Konut,8999999,TRY,8999999,TRY,8,2,8 + 2,600,32637,Muğla,32746,Fethiye,32839,Kayaköy
585735,1498260,Sale,Daire,Konut,150000,TRY,150000,TRY,1,1,1 + 1,50,10423,Aydın,10576,Didim,10585,Hisar
585736,397301,Sale,Daire,Konut,935000,TRY,935000,TRY,4,1,4 + 1,160,1,İstanbul,537,Kadıköy,538,Göztepe
585737,2054749,Rent,Daire,Konut,600,TRY,600,TRY,2,1,2 + 1,90,5092,Bursa,5927,Orhangazi,5928,Arapzade
585738,1868755,Sale,Daire,Konut,565000,TRY,565000,TRY,2,1,2 + 1,124,2554,İzmir,2989,Çiğli,74810,Ataşehir
585739,2218770,Sale,Tarla,Arsa,110000,TRY,110000,TRY,,,,2200,40596,Tekirdağ,40950,Süleymanpaşa,40979,Köseilyas
585740,1888874,Rent,Daire,Konut,850,TRY,850,TRY,2,1,2 + 1,120,31676,Mersin,32049,Mezitli,32059,Tece
585741,1390240,Rent,Villa,Konut,18000,TRY,18000,TRY,4,2,4 + 2,350,32637,Muğla,32638,Bodrum,32685,Gündoğan
585742,1523177,Rent,Daire,İşyeri,15000,TRY,15000,TRY,3,1,3 + 1,130,1,İstanbul,843,Şişli,851,Harbiye
585743,1768446,Sale,Daire,Konut,265000,TRY,265000,TRY,2,1,2 + 1,110,1,İstanbul,8,Arnavutköy,10,Arnavutköy Merkez
585744,2071130,Sale,Daire,Konut,295000,TRY,295000,TRY,3,1,3 + 1,145,31676,Mersin,32601,Yenişehir,32610,Menteş
585745,1303393,Sale,Daire,Konut,320000,TRY,320000,TRY,3,1,3 + 1,180,36701,Samsun,36803,Atakum,36826,Yenimahalle
585746,2066469,Rent,Daire,Konut,900,TRY,900,TRY,1,1,1 + 1,50,1012,Ankara,1565,Etimesgut,1586,Şehit Osman Avcı
585747,2234867,Rent,Daire,Konut,900,TRY,900,TRY,2,1,2 + 1,80,14264,Çanakkale,14321,Biga,14324,Hamdibey
585748,1189877,Sale,Daire,Konut,230000,TRY,230000,TRY,3,1,3 + 1,125,1,İstanbul,998,Zeytinburnu,1006,Veliefendi
585749,1097279,Sale,Daire,Konut,215000,TRY,215000,TRY,1,1,1 + 1,55,2554,İzmir,2860,Bornova,2883,Mevlana
585750,2067412,Sale,Daire,Konut,152500,TRY,152500,TRY,3,1,3 + 1,120,1012,Ankara,2071,Mamak,2086,Başak
585751,1575027,Sale,Tarla,Arsa,32500,TRY,32500,TRY,,,,6662,13052,Bilecik,13082,İnhisar,13083,Akkum
585752,1700540,Rent,Daire,Konut,2300,TRY,2300,TRY,3,1,3 + 1,165,1,İstanbul,182,Beykoz,183,Kavacık
585753,603545,Sale,Daire,Konut,390000,TRY,390000,TRY,2,1,2 + 1,86,10423,Aydın,10576,Didim,10589,Akbük
585754,1561235,Sale,Tarla,Arsa,45000,TRY,45000,TRY,,,,450,1,İstanbul,806,Silivri,829,Akören
585755,596796,Rent,Dükkan / Mağaza,İşyeri,8000,TRY,8000,TRY,,,,66,2554,İzmir,2589,Balçova,2591,Eğitim
585756,1403577,Sale,Daire,Konut,355000,TRY,355000,TRY,2,1,2 + 1,85,1,İstanbul,241,Beyoğlu,274,Örnektepe
585757,1832130,Sale,Daire,Konut,132000,TRY,132000,TRY,1,1,1 + 1,70,40596,Tekirdağ,40597,Çerkezköy,40604,Gazi Osman Paşa
585758,1628250,Sale,Daire,Konut,615000,TRY,615000,TRY,3,1,3 + 1,180,6253,Kocaeli,6305,Darıca,6309,Cami
585759,1553936,Sale,Villa,Konut,850000,TRY,850000,TRY,4,1,4 + 1,120,32637,Muğla,32638,Bodrum,32699,Turgutreis
585760,567326,Sale,Daire,Konut,750000,TRY,750000,TRY,4,1,4 + 1,150,1012,Ankara,1322,Çankaya,74515,Yaşamkent
585761,2293712,Sale,Dükkan / Mağaza,İşyeri,12200000,TRY,12200000,TRY,,,,950,25014,Kayseri,25366,Melikgazi,25390,Cumhuriyet
585762,1404438,Rent,Daire,Konut,2200,TRY,2200,TRY,3,1,3 + 1,168,1,İstanbul,131,Başakşehir,137,Kayabaşı
585763,1562098,Sale,Daire,Konut,325000,TRY,325000,TRY,3,1,3 + 1,115,1,İstanbul,78,Bağcılar,69910,15 Temmuz
585764,1818295,Rent,Daire,Konut,5000,TRY,5000,TRY,3,1,3 + 1,95,1,İstanbul,156,Beşiktaş,159,Etiler
585765,1985104,Rent,Dükkan / Mağaza,İşyeri,15000,TRY,15000,TRY,,,,1000,36701,Samsun,37367,İlkadım,37371,Derebahçe
585766,2292252,Sale,Daire,Konut,310000,TRY,310000,TRY,3,1,3 + 1,130,2554,İzmir,2660,Bayraklı,2677,Osmangazi
585767,1715439,Sale,Dükkan / Mağaza,İşyeri,1449000,TRY,1449000,TRY,,,,250,1012,Ankara,1565,Etimesgut,1591,Yeşilova
585768,1186824,Sale,Daire,Konut,165000,TRY,165000,TRY,3,1,3 + 1,150,40100,Sivas,40310,Sivas Merkez,70223,Şeyh Şamil
585769,1910030,Sale,Ofis,İşyeri,350000,TRY,350000,TRY,,,,60,29689,Manisa,30335,Salihli,30373,Beşeylül
585770,296064,Sale,Daire,Konut,465000,TRY,465000,TRY,2,1,2 + 1,90,1,İstanbul,113,Bakırköy,118,Kartaltepe
585771,1861187,Rent,Daire,Konut,1000,TRY,1000,TRY,3,1,3 + 1,120,40596,Tekirdağ,40597,Çerkezköy,40605,İstasyon
585772,1141310,Rent,Daire,Konut,1250,TRY,1250,TRY,3,1,3 + 1,145,5092,Bursa,5776,Nilüfer,5793,Kurtuluş
585773,1891918,Sale,Villa,Konut,310000,TRY,310000,TRY,3,2,3 + 2,150,10423,Aydın,10831,Kuşadası,10842,Kadınlar Denizi
585774,2247406,Sale,Daire,Konut,410000,TRY,410000,TRY,3,1,3 + 1,185,14264,Çanakkale,14532,Çanakkale Merkez,70797,Barbaros
585775,1516310,Sale,Daire,Konut,900000,TRY,900000,TRY,4,2,4 + 2,170,1,İstanbul,963,Üsküdar,985,Küçük Çamlıca
585776,1092307,Sale,Daire,Konut,165000,TRY,165000,TRY,2,1,2 + 1,110,29689,Manisa,30838,Yunusemre,30854,Atatürk
585777,1588589,Daily Rent,Daire,Konut,100,TRY,100,TRY,1,1,1 + 1,56,5092,Bursa,6182,Yıldırım,6205,Kurtoğlu
585778,1937316,Sale,Dükkan / Mağaza,İşyeri,450000,TRY,450000,TRY,,,,65,20173,Gaziantep,20627,Şahinbey,20690,Gündoğdu
585779,1961947,Rent,Daire,Konut,850,TRY,850,TRY,3,1,3 + 1,95,2554,İzmir,2860,Bornova,2867,Yeşilova
585780,2274280,Sale,Daire,Konut,212000,TRY,212000,TRY,1,1,1 + 1,70,3960,Antalya,4065,Alanya,4131,Saray
585781,1302611,Rent,Daire,Konut,600,TRY,600,TRY,3,1,3 + 1,120,1,İstanbul,8,Arnavutköy,29,Taşoluk
585782,1676872,Sale,Daire,Konut,263000,TRY,263000,TRY,3,1,3 + 1,118,6253,Kocaeli,6788,Körfez,6797,Güney
585783,1922295,Sale,Daire,Konut,199000,TRY,199000,TRY,2,1,2 + 1,100,2554,İzmir,2989,Çiğli,2996,Esentepe
585784,1999968,Rent,Daire,Konut,3250,TRY,3250,TRY,1,1,1 + 1,100,1,İstanbul,66134,Eyüpsultan,66199,Göktürk Merkez
585785,2128288,Sale,Daire,Konut,250000,TRY,250000,TRY,2,1,2 + 1,110,1,İstanbul,887,Sultangazi,75797,Habibler
585786,1923144,Sale,Daire,Konut,485000,TRY,485000,TRY,3,1,3 + 1,180,2554,İzmir,3480,Menderes,3486,Cüneytbey
585787,1310985,Sale,Konut İmarlı,Arsa,45000,TRY,45000,TRY,,,,400,6826,Adana,7322,Pozantı,7350,Yenikonacık
585788,2061107,Sale,Daire,Konut,180000,TRY,180000,TRY,3,1,3 + 1,110,2554,İzmir,3102,Karabağlar,3133,Reis
585789,1189435,Sale,Daire,Konut,185000,TRY,185000,TRY,2,1,2 + 1,100,1,İstanbul,394,Esenyurt,47549,Selahaddin Eyyubi
585790,700622,Sale,Daire,Konut,460000,TRY,460000,TRY,4,1,4 + 1,160,1,İstanbul,998,Zeytinburnu,999,Beştelsiz
585791,1886475,Rent,Daire,Konut,1000,TRY,1000,TRY,3,1,3 + 1,135,6253,Kocaeli,6254,Başiskele,6259,Barbaros
585792,1708086,Sale,Müstakil Ev,Konut,205000,TRY,205000,TRY,6,2,6 + 2,227,5092,Bursa,5637,Mustafakemalpaşa,5722,Orta
585793,1644833,Sale,Daire,Konut,624000,TRY,624000,TRY,3,1,3 + 1,135,1,İstanbul,49,Ataşehir,60,Esatpaşa
585794,1276974,Sale,Daire,Konut,424000,TRY,424000,TRY,3,1,3 + 1,154,6253,Kocaeli,6254,Başiskele,6283,Yeşilyurt
585795,2117430,Sale,Daire,Konut,275000,TRY,275000,TRY,3,1,3 + 1,130,1,İstanbul,682,Sancaktepe,700,Yunus Emre
585796,1798899,Sale,Daire,Konut,295000,TRY,295000,TRY,3,1,3 + 1,120,1012,Ankara,1322,Çankaya,1390,Küçükesat
585797,1861935,Sale,Daire,Konut,310000,TRY,310000,TRY,3,1,3 + 1,115,5092,Bursa,5969,Osmangazi,6020,Kükürtlü
585798,2029930,Sale,Daire,Konut,295000,TRY,295000,TRY,2,1,2 + 1,90,10423,Aydın,10831,Kuşadası,10847,Camikebir
585799,2020522,Sale,Komple Bina,Konut,1000000,TRY,1000000,TRY,3,1,3 + 1,160,43620,Yalova,43645,Çiftlikköy,43646,Sahil
585800,1948849,Rent,Daire,Konut,600,TRY,600,TRY,1,1,1 + 1,50,15241,Denizli,15759,Pamukkale,15795,Yunusemre
585801,1936049,Sale,Müstakil Ev,Konut,99000,TRY,99000,TRY,2,1,2 + 1,251,2554,İzmir,3767,Tire,3779,Karaca Ali
585802,1745043,Rent,Daire,Konut,650,TRY,650,TRY,1,1,1 + 1,30,41649,Trabzon,42456,Ortahisar,42564,Yalıncak
585803,1999577,Rent,Daire,Konut,1550,TRY,1550,TRY,2,1,2 + 1,120,1,İstanbul,182,Beykoz,183,Kavacık
585804,2255652,Rent,Daire,Konut,3000,TRY,3000,TRY,2,1,2 + 1,140,1,İstanbul,66134,Eyüpsultan,66199,Göktürk Merkez
585805,2019739,Sale,Daire,Konut,260000,TRY,260000,TRY,3,1,3 + 1,140,29689,Manisa,30695,Turgutlu,30704,Cumhuriyet
585806,1332477,Sale,Daire,Konut,108000,TRY,108000,TRY,2,1,2 + 1,75,40596,Tekirdağ,40626,Çorlu,40629,Cemaliye
585807,2051894,Sale,Daire,Konut,400000,TRY,400000,TRY,3,1,3 + 1,120,2554,İzmir,3183,Karşıyaka,3199,Dedebaşı
585808,1399832,Sale,Konut İmarlı,Arsa,240000,TRY,240000,TRY,,,,1000,32637,Muğla,33102,Ortaca,33128,Okçular
585809,2215139,Sale,Daire,Konut,420000,TRY,420000,TRY,2,1,2 + 1,100,1,İstanbul,78,Bağcılar,91,Göztepe
585810,1663962,Sale,Daire,Konut,148000,TRY,148000,TRY,2,1,2 + 1,100,1,İstanbul,67,Avcılar,72,Mustafa Kemal Paşa
585811,2076394,Sale,Akaryakıt İstasyonu,İşyeri,32000000,TRY,32000000,TRY,,,,1710,1,İstanbul,644,Pendik,74423,Yeni
585812,1848370,Rent,Daire,Konut,1300,TRY,1300,TRY,2,1,2 + 1,65,1,İstanbul,843,Şişli,859,Gülbahar
585813,1077215,Sale,Villa,Konut,590000,TRY,590000,TRY,3,1,3 + 1,135,2554,İzmir,3921,Urla,3944,Zeytinalanı
585814,1653071,Sale,Muhtelif Arsa,Arsa,480000,TRY,480000,TRY,,,,384,9494,Aksaray,9593,Aksaray Merkez,70499,Kılıçaslan
585815,2027201,Rent,Dükkan / Mağaza,İşyeri,3000,TRY,3000,TRY,,,,154,1,İstanbul,394,Esenyurt,414,Atatürk
585816,1907887,Sale,Daire,Konut,220000,TRY,220000,TRY,1,1,1 + 1,60,1,İstanbul,287,Büyükçekmece,313,Sinanoba
585817,1406535,Sale,Daire,Konut,129900,TRY,129900,TRY,1,1,1 + 1,68,36701,Samsun,36803,Atakum,36826,Yenimahalle
585818,2180353,Rent,Daire,Konut,1000,TRY,1000,TRY,2,1,2 + 1,90,1,İstanbul,644,Pendik,645,Kurtköy
585819,1537232,Rent,Daire,Konut,1100,TRY,1100,TRY,3,1,3 + 1,130,29689,Manisa,30335,Salihli,30449,Eski Cami
585820,1707554,Sale,Daire,Konut,230000,TRY,230000,TRY,2,1,2 + 1,100,36701,Samsun,36803,Atakum,36826,Yenimahalle
585821,1431906,Rent,Ofis,İşyeri,300,TRY,300,TRY,,,,45,1,İstanbul,241,Beyoğlu,247,Asmalı Mescit
585822,1188269,Sale,Daire,Konut,275000,TRY,275000,TRY,2,1,2 + 1,85,1,İstanbul,580,Kartal,586,Hürriyet
585823,1844476,Sale,Daire,Konut,105000,TRY,105000,TRY,1,1,1 + 1,60,31676,Mersin,32601,Yenişehir,32613,Aydınlıkevler
585824,2107016,Rent,Daire,Konut,1500,TRY,1500,TRY,3,1,3 + 1,140,1,İstanbul,229,Beylikdüzü,232,Cumhuriyet
585825,1855257,Sale,Daire,Konut,2400000,TRY,2400000,TRY,3,1,3 + 1,155,1,İstanbul,537,Kadıköy,552,Fenerbahçe
585826,1493285,Sale,Daire,Konut,235000,TRY,235000,TRY,3,1,3 + 1,130,35966,Sakarya,35967,Adapazarı,36001,Yağcılar
585827,1255815,Rent,Atölye,İşyeri,2000,TRY,2000,TRY,,,,600,1,İstanbul,394,Esenyurt,401,Akçaburgaz
585828,1266742,Sale,Müstakil Ev,Konut,1695000,TRY,1695000,TRY,4,1,4 + 1,250,2554,İzmir,2957,Çeşme,2966,Çakabey
585829,1655096,Rent,Rezidans,Konut,11600,TRY,11600,TRY,1,1,1 + 1,96,1,İstanbul,156,Beşiktaş,173,Ulus
585830,1948465,Sale,Daire,Konut,450000,TRY,450000,TRY,2,1,2 + 1,120,2554,İzmir,2660,Bayraklı,2673,Mansuroğlu
585831,2175532,Sale,Daire,Konut,480000,TRY,480000,TRY,3,1,3 + 1,165,25014,Kayseri,25245,Kocasinan,25365,Fevzi Çakmak
585832,1452937,Sale,Daire,Konut,1295840,TRY,1295840,TRY,4,1,4 + 1,241,1,İstanbul,394,Esenyurt,47880,Zafer
585833,2228680,Sale,Daire,Konut,550000,TRY,550000,TRY,3,1,3 + 1,185,5092,Bursa,5776,Nilüfer,5818,Beşevler
585834,1826077,Sale,Özel Kullanım,Arsa,820000,TRY,820000,TRY,,,,800,2554,İzmir,2957,Çeşme,2959,Ilıca
585835,1840188,Sale,Bahçe,Arsa,345000,TRY,345000,TRY,,,,5450,24121,Karaman,24214,Karaman Merkez,67556,Çakırbağ Köyü
585836,1290229,Sale,Daire,Konut,250000,TRY,250000,TRY,3,1,3 + 1,120,10423,Aydın,10576,Didim,10583,Çamlık
585837,2226215,Sale,Daire,Konut,229000,TRY,229000,TRY,3,1,3 + 1,165,6826,Adana,7452,Seyhan,7463,2000 Evler
585838,1966939,Daily Rent,Daire,Konut,50,TRY,50,TRY,1,0,1 + 0,50,1,İstanbul,229,Beylikdüzü,236,Adnan Kahveci
585839,1341442,Sale,Daire,Konut,230000,TRY,230000,TRY,3,1,3 + 1,135,35966,Sakarya,35967,Adapazarı,35980,Güneşler Merkez
585840,2047209,Sale,Daire,Konut,205000,TRY,205000,TRY,2,1,2 + 1,65,1,İstanbul,525,Güngören,528,Haznedar
585841,2232263,Sale,Daire,Konut,188000,TRY,188000,TRY,2,1,2 + 1,95,1,İstanbul,78,Bağcılar,84,Yıldıztepe
585842,1112836,Rent,Dükkan / Mağaza,İşyeri,5000,TRY,5000,TRY,,,,320,17102,Düzce,17250,Düzce Merkez,70686,Kültür
585843,1926151,Sale,Daire,Konut,700000,TRY,700000,TRY,3,1,3 + 1,145,1,İstanbul,560,Kağıthane,569,Seyrantepe
585844,1622505,Sale,Konut İmarlı,Arsa,10000,TRY,10000,TRY,,,,8500,2554,İzmir,3529,Menemen,3549,İnönü
585845,1137064,Sale,Konut İmarlı,Arsa,205000,TRY,205000,TRY,,,,204,14264,Çanakkale,14510,Lapseki,54343,Çardak Bld. (Gaziyakupbey)
585846,1927878,Sale,Daire,Konut,275000,TRY,275000,TRY,2,1,2 + 1,90,1,İstanbul,67,Avcılar,69,Cihangir
585847,1821849,Sale,Konut İmarlı,Arsa,87500,TRY,87500,TRY,,,,250,1,İstanbul,314,Çatalca,337,İhsaniye
585848,1414656,Sale,Daire,Konut,385000,TRY,385000,TRY,4,1,4 + 1,210,28777,Malatya,29593,Yeşilyurt,29681,Karakavak
585849,2120060,Rent,Rezidans,Konut,20000,TRY,20000,TRY,2,1,2 + 1,200,1,İstanbul,156,Beşiktaş,170,Levazım
585850,2065927,Sale,Daire,Konut,680000,TRY,680000,TRY,4,1,4 + 1,190,1012,Ankara,1565,Etimesgut,1579,Bağlıca
585851,2051767,Rent,Daire,Konut,1300,TRY,1300,TRY,2,1,2 + 1,120,1,İstanbul,101,Bahçelievler,103,Şirinevler
585852,2172509,Sale,Tarla,Arsa,17000,TRY,17000,TRY,,,,3186,11210,Balıkesir,11942,Kepsut,11964,Piyade
585853,1872182,Sale,Daire,Konut,137000,TRY,137000,TRY,1,1,1 + 1,55,19584,Eskişehir,20081,Tepebaşı,20147,Bahçelievler
585854,2259049,Sale,Konut İmarlı,Arsa,49750,TRY,49750,TRY,,,,260,25014,Kayseri,25245,Kocasinan,25287,Boztepe
585855,1916130,Sale,Daire,Konut,160000,TRY,160000,TRY,2,1,2 + 1,85,11210,Balıkesir,11609,Edremit,11640,Akçay
585856,1706473,Sale,Daire,Konut,140000,TRY,140000,TRY,2,1,2 + 1,90,1,İstanbul,394,Esenyurt,400,Talatpaşa
585857,1723423,Sale,Daire,Konut,219000,TRY,219000,TRY,2,1,2 + 1,92,1,İstanbul,871,Sultanbeyli,873,Adil
585858,1190895,Sale,Daire,Konut,595000,TRY,595000,TRY,6,2,6 + 2,210,2554,İzmir,2589,Balçova,2596,Fevzi Çakmak
585859,2139678,Sale,Daire,Konut,99000,TRY,99000,TRY,2,1,2 + 1,85,1,İstanbul,78,Bağcılar,89,Fatih
585860,2259253,Sale,Komple Bina,Konut,2100000,TRY,2100000,TRY,,,,158,2554,İzmir,2589,Balçova,2592,Korutürk
585861,1615587,Sale,Daire,Konut,115000,TRY,115000,TRY,1,1,1 + 1,70,17102,Düzce,17250,Düzce Merkez,70517,Aziziye
585862,1810089,Sale,Bahçe,Arsa,225000,TRY,225000,TRY,,,,445,32637,Muğla,33132,Ula,33142,Ataköy
585863,2176593,Sale,Daire,Konut,86000,TRY,86000,TRY,2,1,2 + 1,90,1012,Ankara,2071,Mamak,2086,Başak
585864,1894572,Rent,Daire,Konut,1500,TRY,1500,TRY,3,1,3 + 1,120,1,İstanbul,926,Ümraniye,74403,Armağanevler
585865,1086966,Sale,Villa,Konut,545000,TRY,545000,TRY,3,1,3 + 1,200,2554,İzmir,3071,Gaziemir,3079,Gazi
585866,1796700,Sale,Villa,Konut,375000,TRY,375000,TRY,3,1,3 + 1,115,11210,Balıkesir,11211,Ayvalık,11234,Altınova
585867,934071,Sale,Komple Bina,Konut,1650000,TRY,1650000,TRY,,,,212,1,İstanbul,241,Beyoğlu,282,Firuzağa
585868,2012865,Rent,Daire,Konut,1200,TRY,1200,TRY,2,1,2 + 1,70,35966,Sakarya,36626,Serdivan,36636,Kemalpaşa
585869,1488175,Sale,Daire,Konut,585000,TRY,585000,TRY,5,1,5 + 1,170,1,İstanbul,49,Ataşehir,61,Fetih
585870,1738455,Rent,Daire,Konut,600,TRY,600,TRY,1,1,1 + 1,65,6253,Kocaeli,6455,İzmit,6479,Serdar
585871,1977440,Sale,Daire,Konut,97000,TRY,97000,TRY,1,1,1 + 1,90,1,İstanbul,67,Avcılar,72,Mustafa Kemal Paşa
585872,1934671,Rent,Ev Ofis,İşyeri,1500,TRY,1500,TRY,,,,70,1,İstanbul,49,Ataşehir,52,İçerenköy
585873,1891205,Rent,Daire,Konut,1750,TRY,1750,TRY,2,1,2 + 1,90,1,İstanbul,229,Beylikdüzü,230,Barış
585874,1827018,Rent,Daire,Konut,850,TRY,850,TRY,3,1,3 + 1,150,32637,Muğla,32706,Dalaman,32709,Karaçalı
585875,1620888,Sale,Daire,Konut,159000,TRY,159000,TRY,2,1,2 + 1,105,1,İstanbul,229,Beylikdüzü,73159,Beylikdüzü OSB
585876,1701999,Sale,Villa,Konut,725000,TRY,725000,TRY,3,1,3 + 1,120,2554,İzmir,2957,Çeşme,2974,Musalla
585877,1638191,Rent,Daire,Konut,1000,TRY,1000,TRY,1,1,1 + 1,46,1,İstanbul,394,Esenyurt,413,Yeşilkent
585878,1488438,Sale,Daire,Konut,215000,TRY,215000,TRY,3,1,3 + 1,100,34286,Ordu,35185,Altınordu,35228,Karşıyaka
585879,1763680,Sale,Daire,Konut,340000,TRY,340000,TRY,3,1,3 + 1,180,31676,Mersin,32514,Toroslar,32536,Mustafa Kemal
585880,1879237,Rent,Daire,Konut,500,TRY,500,TRY,1,1,1 + 1,60,19584,Eskişehir,20081,Tepebaşı,20132,Şirintepe
585881,1572862,Rent,Daire,Konut,750,TRY,750,TRY,2,1,2 + 1,87,1,İstanbul,682,Sancaktepe,692,İnönü
585882,1879993,Sale,Daire,Konut,218000,TRY,218000,TRY,3,1,3 + 1,170,26630,Konya,27935,Selçuklu,28023,Sille Ak
585883,2262059,Rent,Daire,Konut,7250,TRY,7250,TRY,4,1,4 + 1,220,1,İstanbul,156,Beşiktaş,173,Ulus
585884,1512986,Sale,Daire,Konut,260000,TRY,260000,TRY,3,2,3 + 2,200,3960,Antalya,4641,Konyaaltı,48805,Liman Sb
585885,2035402,Daily Rent,Daire,Konut,100,TRY,100,TRY,,,,75,1,İstanbul,507,Gaziosmanpaşa,522,Merkez
585886,2274950,Sale,Daire,Konut,190000,TRY,190000,TRY,2,1,2 + 1,120,20173,Gaziantep,20627,Şahinbey,20631,Bülbülzade
585887,681094,Rent,Daire,Konut,2350,TRY,2350,TRY,2,1,2 + 1,132,1,İstanbul,507,Gaziosmanpaşa,509,Karadeniz
585888,1586616,Sale,Daire,Konut,134000,TRY,134000,TRY,3,1,3 + 1,100,25014,Kayseri,25366,Melikgazi,25381,Tınaztepe
585889,1225781,Sale,Daire,Konut,587250,TRY,587250,TRY,2,1,2 + 1,100,2554,İzmir,2860,Bornova,2883,Mevlana
585890,1706787,Sale,Daire,Konut,265000,TRY,265000,TRY,2,1,2 + 1,85,1,İstanbul,144,Bayrampaşa,152,Muratpaşa
585891,2187219,Rent,Daire,Konut,900,TRY,900,TRY,3,1,3 + 1,150,34286,Ordu,35185,Altınordu,35225,Şahincili
585892,1592063,Sale,Daire,Konut,380000,TRY,380000,TRY,3,1,3 + 1,164,2554,İzmir,3366,Konak,3457,Murat Reis
585893,1797376,Sale,Tarla,Arsa,143000,TRY,143000,TRY,,,,14300,17436,Edirne,17453,Havsa,75949,Oğulpaşa Köyü
585894,1636524,Rent,Daire,Konut,1000,TRY,1000,TRY,2,1,2 + 1,90,1,İstanbul,67,Avcılar,69,Cihangir
585895,1972976,Sale,Daire,Konut,122000,TRY,122000,TRY,2,1,2 + 1,95,10423,Aydın,10909,Nazilli,10915,Aydoğdu
585896,1498330,Sale,Daire,Konut,170000,TRY,170000,TRY,2,1,2 + 1,112,24690,Kastamonu,24853,Kastamonu Merkez,70418,Saraçlar
585897,1492591,Rent,Daire,Konut,2100,TRY,2100,TRY,1,1,1 + 1,75,1012,Ankara,1322,Çankaya,1351,Oran
585898,1863198,Sale,Çiftlik Evi,Konut,180000,TRY,180000,TRY,2,1,2 + 1,100,6253,Kocaeli,6560,Kandıra,6618,Balcı
585899,2028738,Sale,Daire,Konut,270000,TRY,270000,TRY,3,1,3 + 1,110,10423,Aydın,10576,Didim,10587,Yeni
585900,2021968,Sale,Daire,Konut,125000,TRY,125000,TRY,1,1,1 + 1,50,13958,Burdur,14138,Burdur Merkez,70441,Emek
585901,2038015,Sale,Bahçe,Arsa,135000,TRY,135000,TRY,,,,9301,10423,Aydın,10597,Germencik,10623,Ortaklar
585902,2058003,Sale,Dükkan / Mağaza,İşyeri,1200000,TRY,1200000,TRY,,,,250,6253,Kocaeli,6294,Çayırova,6301,Özgürlük
585903,1630191,Sale,Daire,Konut,525000,TRY,525000,TRY,3,1,3 + 1,130,1,İstanbul,580,Kartal,588,Orhantepe
585904,2308261,Sale,Daire,Konut,214000,TRY,214000,TRY,3,1,3 + 1,130,11210,Balıkesir,11304,Bandırma,11312,Sunullah
585905,1825357,Sale,Zeytinlik,Arsa,120000,TRY,120000,TRY,,,,1300,11210,Balıkesir,11609,Edremit,65531,Altınkum
585906,1610816,Sale,Daire,Konut,700000,TRY,700000,TRY,3,1,3 + 1,160,1,İstanbul,448,Fatih,476,Mevlanakapı
585907,2167375,Sale,Daire,Konut,129000,TRY,129000,TRY,3,1,3 + 1,125,1012,Ankara,1912,Keçiören,1931,Ayvalı
585908,2045551,Sale,Daire,Konut,215000,TRY,215000,TRY,3,1,3 + 1,145,1012,Ankara,2482,Yenimahalle,2497,Çiğdemtepe
585909,2301391,Sale,Daire,Konut,167000,TRY,167000,TRY,2,1,2 + 1,110,20173,Gaziantep,20627,Şahinbey,20631,Bülbülzade
585910,1822035,Sale,Daire,Konut,430000,TRY,430000,TRY,3,2,3 + 2,150,1,İstanbul,625,Maltepe,632,Cevizli
585911,2031736,Sale,Daire,Konut,700000,TRY,700000,TRY,3,1,3 + 1,110,32637,Muğla,32638,Bodrum,32639,Ortakentyahşi
585912,1718362,Sale,Konut İmarlı,Arsa,200000,TRY,200000,TRY,,,,313,26208,Kırklareli,26331,Kırklareli Merkez,70352,Karacaibrahim
585913,730252,Sale,Konut İmarlı,Arsa,255000,TRY,255000,TRY,,,,685,1,İstanbul,742,Şile,799,Sortullu
585914,1789805,Sale,Daire,Konut,216000,TRY,216000,TRY,1,1,1 + 1,77,1,İstanbul,131,Başakşehir,141,Bahçeşehir 2. Kısım
585915,1321340,Sale,Daire,Konut,364000,TRY,364000,TRY,2,1,2 + 1,90,3960,Antalya,4065,Alanya,4180,Oba
585916,780443,Sale,Zeytinlik,Arsa,183000,TRY,183000,TRY,,,,2413,11210,Balıkesir,11821,Havran,11837,Çamdibi
585917,1731396,Sale,Komple Bina,Konut,575000,TRY,575000,TRY,10,1,10 ve üzeri,222,6253,Kocaeli,6305,Darıca,74309,Kazım Karabekir
585918,1890932,Sale,Daire,Konut,300000,TRY,300000,TRY,3,1,3 + 1,185,28777,Malatya,29593,Yeşilyurt,46045,Yakınca
585919,1051803,Sale,Rezidans,Konut,3450000,TRY,3450000,TRY,4,1,4 + 1,175,1,İstanbul,580,Kartal,594,Kordonboyu
585920,1801897,Sale,Daire,Konut,415000,TRY,415000,TRY,3,1,3 + 1,145,3960,Antalya,4947,Muratpaşa,4954,Şirinyalı
585921,1801230,Sale,Daire,Konut,212000,TRY,212000,TRY,1,1,1 + 1,47,1,İstanbul,601,Küçükçekmece,603,Atakent
585922,1501847,Sale,Daire,Konut,250000,TRY,250000,TRY,3,1,3 + 1,140,6253,Kocaeli,6305,Darıca,6313,Nenehatun
585923,1860605,Sale,Daire,Konut,255000,TRY,255000,TRY,2,1,2 + 1,105,11210,Balıkesir,11609,Edremit,65531,Altınkum
585924,2043161,Sale,Villa,Konut,1200000,TRY,1200000,TRY,4,1,4 + 1,480,10423,Aydın,10831,Kuşadası,10844,Yavansu
585925,1977379,Sale,Daire,Konut,350000,TRY,350000,TRY,3,1,3 + 1,175,6826,Adana,7452,Seyhan,7528,Gürselpaşa
585926,970702,Rent,Daire,Konut,1550,TRY,1550,TRY,2,1,2 + 1,125,1,İstanbul,131,Başakşehir,140,Bahçeşehir 1. Kısım
585927,1406670,Sale,Daire,Konut,250000,TRY,250000,TRY,3,1,3 + 1,150,6826,Adana,6995,Çukurova,7000,Güzelyalı
585928,2123271,Sale,Daire,Konut,309000,TRY,309000,TRY,2,1,2 + 1,90,1,İstanbul,287,Büyükçekmece,288,Atatürk
585929,1452037,Sale,Daire,Konut,1275280,TRY,1275280,TRY,4,1,4 + 1,238,1,İstanbul,394,Esenyurt,47880,Zafer
585930,2132001,Sale,Daire,Konut,299000,TRY,299000,TRY,3,1,3 + 1,150,41649,Trabzon,42456,Ortahisar,42476,Çukurçayır
585931,2263985,Sale,Daire,Konut,350000,TRY,350000,TRY,3,1,3 + 1,185,44190,Zonguldak,44570,Zonguldak Merkez,70500,Tepebaşı
585932,2266862,Sale,Daire,Konut,169000,TRY,169000,TRY,2,1,2 + 1,90,1012,Ankara,1322,Çankaya,1434,Aydınlar
585933,1340851,Sale,Daire,Konut,145000,TRY,145000,TRY,3,1,3 + 1,120,1012,Ankara,1912,Keçiören,1951,Pınarbaşı
585934,1830145,Sale,Villa,Konut,360000,TRY,360000,TRY,5,1,5 + 1,220,10423,Aydın,10576,Didim,10584,Fevzipaşa
585935,1951568,Rent,Daire,Konut,1000,TRY,1000,TRY,1,0,1 + 0,90,1012,Ankara,1322,Çankaya,1406,Fidanlık
585936,1667298,Rent,Daire,Konut,700,TRY,700,TRY,4,1,4 + 1,196,1012,Ankara,1565,Etimesgut,1599,Yukarıyurtçu
585937,1248656,Sale,Daire,Konut,300000,TRY,300000,TRY,2,1,2 + 1,115,2554,İzmir,3609,Ödemiş,3706,Anafartalar
585938,2289474,Sale,Villa,Konut,255000,TRY,255000,TRY,5,1,5 + 1,155,40596,Tekirdağ,40810,Marmaraereğlisi,40820,Yeniçiftlik
585939,2218340,Rent,Daire,Konut,670,TRY,670,TRY,2,1,2 + 1,130,1,İstanbul,644,Pendik,649,Kavakpınar
585940,1451893,Sale,Daire,Konut,295000,TRY,295000,TRY,3,1,3 + 1,140,36701,Samsun,37367,İlkadım,37409,Kışla
585941,744157,Sale,Daire,Konut,197000,TRY,197000,TRY,3,1,3 + 1,125,2554,İzmir,2989,Çiğli,2998,Evka-5
585942,1829727,Rent,Ofis + Depo,İşyeri,475,TRY,475,TRY,,,,30,1,İstanbul,101,Bahçelievler,109,Soğanlı
585943,1844280,Sale,Daire,Konut,309000,TRY,309000,TRY,4,1,4 + 1,160,1,İstanbul,682,Sancaktepe,684,Abdurrahmangazi
585944,1082823,Sale,Daire,Konut,205000,TRY,205000,TRY,3,1,3 + 1,125,1,İstanbul,67,Avcılar,70,Denizköşkler
585945,1908321,Sale,Daire,Konut,345000,TRY,345000,TRY,3,1,3 + 1,113,1,İstanbul,355,Çekmeköy,370,Soğukpınar
585946,1938002,Sale,Daire,Konut,119000,TRY,119000,TRY,2,1,2 + 1,75,1,İstanbul,377,Esenler,378,Fatih
585947,1038305,Rent,Daire,Konut,500,TRY,500,TRY,1,1,1 + 1,55,1,İstanbul,537,Kadıköy,555,Rasimpaşa
585948,1491209,Sale,Daire,Konut,140000,TRY,140000,TRY,3,1,3 + 1,120,6253,Kocaeli,6661,Karamürsel,6690,4 Temmuz
585949,621977,Sale,Daire,Konut,485000,TRY,485000,TRY,2,1,2 + 1,110,1,İstanbul,926,Ümraniye,936,Çamlık
585950,1762336,Sale,Daire,Konut,770000,TRY,770000,TRY,3,1,3 + 1,165,2554,İzmir,3183,Karşıyaka,3194,Örnekköy
585951,1837834,Sale,Daire,Konut,380000,TRY,380000,TRY,3,1,3 + 1,135,1012,Ankara,2482,Yenimahalle,2528,Turgut Özal
585952,1807887,Sale,Daire,Konut,329000,TRY,329000,TRY,3,1,3 + 1,130,2554,İzmir,3183,Karşıyaka,3194,Örnekköy
585953,2014991,Sale,Çok Amaçlı,Arsa,350000,TRY,350000,TRY,,,,4718,28777,Malatya,28986,Battalgazi,29052,Hanımınçiftliği
585954,1462265,Sale,Tarla,Arsa,650000,TRY,650000,TRY,,,,3650,2554,İzmir,3212,Kemalpaşa,3224,Mehmet Akif Ersoy
585955,2098565,Daily Rent,Daire,Konut,70,TRY,70,TRY,1,1,1 + 1,65,1,İstanbul,871,Sultanbeyli,875,Akşemsettin
585956,236938,Sale,Daire,Konut,1650000,TRY,1650000,TRY,3,1,3 + 1,145,32637,Muğla,32638,Bodrum,32702,Yalıkavak
585957,2147996,Sale,Bahçe,Arsa,165000,TRY,165000,TRY,,,,1593,6253,Kocaeli,6560,Kandıra,6637,Kubuzcu
585958,1741786,Rent,Daire,Konut,2100,TRY,2100,TRY,4,1,4 + 1,200,31676,Mersin,32601,Yenişehir,32612,50. Yıl
585959,1456789,Sale,Tarla,Arsa,2275000,TRY,2275000,TRY,,,,73410,32637,Muğla,33102,Ortaca,33118,Dalyan
585960,1955698,Rent,Daire,Konut,2000,TRY,2000,TRY,2,1,2 + 1,208,6253,Kocaeli,6305,Darıca,6309,Cami
585961,1150552,Sale,Fabrika / İmalathane,İşyeri,2000000,TRY,2000000,TRY,,,,4500,11210,Balıkesir,12382,Karesi,12428,Üçpınar
585962,1324969,Sale,Daire,Konut,560000,TRY,560000,TRY,3,1,3 + 1,150,1,İstanbul,101,Bahçelievler,108,Siyavuşpaşa
585963,1796929,Sale,Özel Kullanım,Arsa,70000,TRY,70000,TRY,,,,420,3960,Antalya,4641,Konyaaltı,4681,Yarbaşçandır
585964,1318067,Sale,Daire,Konut,1150000,TRY,1150000,TRY,4,1,4 + 1,217,1,İstanbul,644,Pendik,667,Harmandere
585965,1795351,Sale,Daire,Konut,320000,TRY,320000,TRY,3,1,3 + 1,165,25014,Kayseri,25366,Melikgazi,25399,Altınoluk
585966,2063955,Sale,Daire,Konut,350000,TRY,350000,TRY,3,1,3 + 1,150,1,İstanbul,525,Güngören,527,Güneştepe
585967,1414047,Sale,Villa,Konut,3000000,TRY,3000000,TRY,6,2,6 + 2,650,1012,Ankara,1322,Çankaya,1397,Mutlukent
585968,1102002,Sale,Rezidans,Konut,260000,TRY,260000,TRY,2,1,2 + 1,95,3960,Antalya,4641,Konyaaltı,4645,Hurma
585969,2299900,Rent,Müstakil Ev,Konut,1100,TRY,1100,TRY,3,1,3 + 1,150,11210,Balıkesir,11609,Edremit,11640,Akçay
585970,1942150,Rent,Daire,Konut,1900,TRY,1900,TRY,2,1,2 + 1,110,1,İstanbul,537,Kadıköy,543,Merdivenköy
585971,1727328,Sale,Konut İmarlı,Arsa,275000,TRY,275000,TRY,,,,754,17102,Düzce,17250,Düzce Merkez,70854,Darıcı
585972,1669493,Rent,Daire,Konut,550,TRY,550,TRY,2,1,2 + 1,70,35966,Sakarya,36419,Karasu,36423,Aziziye
585973,1752536,Sale,Daire,Konut,125000,TRY,125000,TRY,2,1,2 + 1,90,1,İstanbul,394,Esenyurt,60964,Osmangazi
585974,1709357,Sale,Daire,Konut,60000,TRY,60000,TRY,2,1,2 + 1,95,38033,Şanlıurfa,39028,Eyyübiye,39069,Kurtuluş
585975,525113,Sale,Daire,Konut,239000,TRY,239000,TRY,1,0,1 + 0,44,1,İstanbul,625,Maltepe,631,Başıbüyük
585976,663571,Sale,Daire,Konut,245000,TRY,245000,TRY,1,1,1 + 1,110,19584,Eskişehir,20081,Tepebaşı,20135,Güllük
585977,2049944,Sale,Özel Kullanım,Arsa,200000,TRY,200000,TRY,,,,193,10423,Aydın,10831,Kuşadası,10849,Değirmendere
585978,1595939,Sale,Daire,Konut,205000,TRY,205000,TRY,4,1,4 + 1,150,43717,Yozgat,43929,Yozgat Merkez,70109,Eskipazar
585979,1639972,Sale,Daire,Konut,99999,TRY,99999,TRY,2,1,2 + 1,115,36701,Samsun,36803,Atakum,36819,Esenevler
585980,871655,Sale,Daire,Konut,285000,TRY,285000,TRY,3,1,3 + 1,118,6253,Kocaeli,6305,Darıca,6309,Cami
585981,1519770,Sale,Daire,Konut,980000,TRY,980000,TRY,3,1,3 + 1,150,2554,İzmir,3183,Karşıyaka,3190,Bostanlı
585982,2019728,Sale,Daire,Konut,1000000,TRY,1000000,TRY,4,1,4 + 1,190,1012,Ankara,1322,Çankaya,1439,Emek
585983,2183033,Sale,Cafe / Restoran / Bar,İşyeri,120000,TRY,120000,TRY,,,,400,6826,Adana,6995,Çukurova,7000,Güzelyalı
585984,1869017,Rent,Daire,Konut,900,TRY,900,TRY,1,1,1 + 1,50,2554,İzmir,2907,Buca,2910,Atatürk
585985,2035053,Rent,Daire,Konut,4000,TRY,4000,TRY,3,1,3 + 1,137,1,İstanbul,625,Maltepe,633,Feyzullah
585986,1583207,Sale,Daire,Konut,159000,TRY,159000,TRY,3,1,3 + 1,125,1012,Ankara,1565,Etimesgut,1570,İstasyon
585987,1679385,Sale,Daire,Konut,189000,TRY,189000,TRY,2,1,2 + 1,120,6826,Adana,6995,Çukurova,7005,Mahfesığmaz
585988,2143658,Sale,Konut İmarlı,Arsa,300000,TRY,300000,TRY,,,,500,1,İstanbul,806,Silivri,827,Balaban
585989,1493937,Sale,Daire,Konut,210000,TRY,210000,TRY,3,1,3 + 1,110,41649,Trabzon,41650,Akçaabat,41739,Derecik
585990,2158128,Sale,Villa,Konut,1100000,TRY,1100000,TRY,6,1,6 + 1,350,2554,İzmir,3071,Gaziemir,3076,Beyazevler
585991,2277919,Sale,Daire,Konut,243000,TRY,243000,TRY,2,1,2 + 1,95,1,İstanbul,887,Sultangazi,896,Sultançiftliği
585992,1393151,Sale,Yazlık,Konut,285000,TRY,285000,TRY,3,1,3 + 1,110,10423,Aydın,10831,Kuşadası,10842,Kadınlar Denizi
585993,1055483,Sale,Villa,Konut,150000,TRY,150000,TRY,1,1,1 + 1,55,10423,Aydın,10831,Kuşadası,10843,Karaova
585994,189541,Sale,Müstakil Ev,Konut,775000,TRY,775000,TRY,6,2,6 + 2,450,2554,İzmir,2860,Bornova,2879,Kemalpaşa
585995,1710957,Rent,Daire,Konut,700,TRY,700,TRY,3,1,3 + 1,110,36701,Samsun,36803,Atakum,36817,Mimarsinan
585996,1821720,Sale,Konut İmarlı,Arsa,3363500,TRY,3363500,TRY,,,,6727,15241,Denizli,15759,Pamukkale,15770,İncilipınar
585997,2050887,Sale,Daire,Konut,160000,TRY,160000,TRY,2,1,2 + 1,90,1,İstanbul,887,Sultangazi,891,Cebeci
585998,1987438,Rent,Daire,Konut,1950,TRY,1950,TRY,3,1,3 + 1,144,1,İstanbul,131,Başakşehir,139,Ziya Gökalp
585999,1618335,Rent,Daire,Konut,700,TRY,700,TRY,3,1,3 + 1,170,35287,Osmaniye,35463,Osmaniye Merkez,70665,Esenevler
